-0.9975,1.0027325290628981,0.19719831502658847,-0.00101942187169101,-0.0014723959235102505,-0.0012333535445880602
-0.9925,1.0028651858364546,0.1970658369919085,-0.0010194612272133312,-0.0014721010505524886,-0.001233090741829156
-0.9875,1.003048014915234,0.19688327188748458,-0.0010194565716939003,-0.0014716339910046147,-0.0012326715588721806
-0.9825,1.0032559367500484,0.1966756759513884,-0.0010193884038103027,-0.0014710389084039224,-0.0012321373879914757
-0.9775,1.0034817457917566,0.1964502513083408,-0.0010192558020090618,-0.0014703339573243796,-0.0012315069464045635
-0.9725,1.0037238122889045,0.19620863103086209,-0.0010190625308302698,-0.0014695278876308297,-0.0012307899944228589
-0.9675,1.0039822632528383,0.19595069419812103,-0.0010188128891508187,-0.0014686254115622384,-0.0012299920075068505
-0.9625,1.0042577997958275,0.19567574733327814,-0.001018510558618159,-0.0014676290382243738,-0.0012291159413789854
-0.9575,1.004551332610703,0.195382888592872,-0.0010181583593564896,-0.0014665397806402484,-0.0012281630224077577
-0.9525,1.0048638708008077,0.19507111890781267,-0.0010177582671056008,-0.0014653574880411791,-0.0012271331797643243
-0.9475,1.0051964889966558,0.1947393749460935,-0.0010173114951137245,-0.0014640810413117076,-0.0012260253230966882
-0.9425,1.0055503186243655,0.19438653796902727,-0.0010168185828521347,-0.0014627084890063168,-0.0012248375385950747
-0.9375,1.0059265466283323,0.19401143525859837,-0.001016279476056624,-0.001461237151011682,-0.001223567233622747
-0.9325,1.0063264165118395,0.1936128392467019,-0.0010156935952676095,-0.0014596637008141013,-0.0012222112451893562
-0.9275,1.0067512301200072,0.19318946592124614,-0.0010150598935655406,-0.0014579842318825818,-0.001220765921615423
-0.9225,1.0072023496829285,0.19273997299247153,-0.0010143769049604644,-0.001456194311591994,-0.001219227183866965
-0.9175,1.0076811999715136,0.19226295796906084,-0.001013642784860465,-0.001454289025127032,-0.0012175905713413013
-0.9125,1.008189270520589,0.19175695619230543,-0.0010128553438160245,-0.001452263011224092,-0.0012158512757281222
-0.9075,1.008728117904772,0.1912204388465036,-0.0010120120754981573,-0.0014501104912033479,-0.0012140041657217235
-0.9025,1.0092993680620261,0.19065181095558323,-0.0010111101796684574,-0.001447825292442693,-0.0012120438047189105
-0.8975,1.0099047186628072,0.19004940937469136,-0.0010101465807487223,-0.0014454008672191584,-0.0012099644631469162
-0.8925,1.0105459415239468,0.1894115007867148,-0.0010091179424926158,-0.0014428303076751703,-0.001207760126690216
-0.8875,1.0112248850674208,0.18873627971610005,-0.0010080206791933243,-0.001440106357543725,-0.0012054245013974913
-0.8825000000000001,1.0119434768253834,0.18802186657564432,-0.001006850963819631,-0.00143722142117708,-0.0012029510164295136
-0.8775,1.01270372599451,0.18726630576607384,-0.0010056047334488399,-0.0014341675703577245,-0.0012003328250389516
-0.8725,1.0135077260447756,0.1864675638532005,-0.001004277692350486,-0.001430936549319994,-0.0011975628042414626
-0.8674999999999999,1.014357657390199,0.18562352785311967,-0.0010028653130633202,-0.0014275197783689914,-0.001194633553533886
-0.8625,1.0152557901314236,0.18473200366200437,-0.0010013628357952336,-0.0014239083564464034,-0.0011915373929329404
-0.8575,1.0162044868817544,0.18379071467301478,-0.0009997652664587141,-0.0014200930629579538,-0.0011882663605414794
-0.8525,1.0172062056885065,0.18279730062789176,-0.0009980673736318493,-0.0014160643591446965,-0.001184812209796321
-0.8475,1.0182635030591556,0.18174931675384445,-0.000996263684706331,-0.001411812389251609,-0.0011811664065109946
-0.8425,1.0193790370953824,0.18064423323612194,-0.0009943484814498764,-0.001407326981725066,-0.0011773201257990113
-0.8375,1.0205555707263354,0.17947943507186379,-0.00099231579517169,-0.001402597650659265,-0.0011732642489503007
-0.8325,1.021795975014058,0.17825222234040114,-0.0009901594016373078,-0.0013976135977142848,-0.0011689893603376528
-0.8275,1.0231032324784453,0.17695981090864737,-0.0009878728158352484,-0.0013923637147479817,-0.0011644857444538768
-0.8225,1.0244804403566743,0.1755993335680894,-0.0009854492866547425,-0.0013868365874414516,-0.0011597433832252523
-0.8175,1.0259308136744485,0.1741678415740064,-0.0009828817914949422,-0.0013810205002521183,-0.0011547519538124555
-0.8125,1.0274576879669022,0.17266230653127856,-0.00098016303079571,-0.001374903443095087,-0.0011495008271933077
-0.8075,1.0290645214503247,0.17107962254935613,-0.0009772854224635308,-0.0013684731202247757,-0.0011439790679161506
-0.8025,1.0307548964178639,0.16941660857751345,-0.000974241096168371,-0.001361716961854516,-0.001138175435508779
-0.7975,1.032532519619153,0.16767001083651548,-0.0009710218875129583,-0.0013546221390998109,-0.0011320783881135236
-0.7925,1.034401221390645,0.16583650528938787,-0.0009676193321272555,-0.0013471755828494115,-0.001125676088980992
-0.7875,1.0363649533333248,0.16391270014494,-0.0009640246598172529,-0.001339364007147862,-0.0011189564164808426
-0.7825,1.0384277843870156,0.16189513846232834,-0.0009602287889937774,-0.0013311739376090832,-0.001111906978268939
-0.7775,1.0405938952209584,0.15978030101825794,-0.000956222321715014,-0.0013225917452748832,-0.0011045151301832233
-0.7725,1.0428675709397317,0.15756460970104516,-0.0009519955397833719,-0.0013136036861944806,-0.0010967680003299409
-0.7675,1.045253192179416,0.15524443179493017,-0.0009475384024288986,-0.0013041959468473793,-0.00108865251867931
-0.7625,1.0477552247271036,0.15281608559939877,-0.000942840546174064,-0.0012943546953832787,-0.0010801554523340818
-0.7575000000000001,1.0503782078243085,0.15027584787844275,-0.000937891287497932,-0.0012840661385309033,-0.001071263446487686
-0.7525,1.053126741302034,0.1476199636439264,-0.0009326796288971717,-0.001273316583951467,-0.0010619630709732038
-0.7475,1.056005471638827,0.14484465874169963,-0.0009271942688802235,-0.0012620925077933495,-0.001052240872237971
-0.7424999999999999,1.059019076937019,0.141946155632138,-0.000921423616340035,-0.0012503806272436164,-0.0010420834305708896
-0.7375,1.0621722506877997,0.13892069264866128,-0.0009153558096475249,-0.001238167977959358,-0.001031477422459945
-0.7324999999999999,1.0654696840597755,0.13576454689398085,-0.0009089787407126849,-0.001225441996377629,-0.0010204096880545095
-0.7275,1.068916046317974,0.1324740608121139,-0.0009022800841932199,-0.0012121906070209935,-0.0010088673038307504
-0.7224999999999999,1.0725159628800558,0.1290456723710843,-0.000895247332007188,-0.001198402315008375,-0.0009968376606832934
-0.7175,1.0762739904587537,0.12547594871862777,-0.0008878678333341958,-0.0011840663040238535,-0.0009843085477663743
-0.7125,1.080194588732916,0.12176162313611662,-0.0008801288403678189,-0.0011691725399721655,-0.0009712682424605759
-0.7075,1.0842820880349846,0.11789963511153514,-0.0008720175601996315,-0.0011537118804521827,-0.0009577056068319266
-0.7025,1.0885406526344936,0.11388717337090241,-0.000863521213355106,-0.0011376761900116531,-0.0009436101908722824
-0.6975,1.0929742393245347,0.10972172173450663,-0.0008546270996424057,-0.001121058460919627,-0.0009289723426658813
-0.6925,1.0975865511683043,0.10540110768336118,-0.0008453226720953043,-0.0011038529389242313,-0.0009137833254261173
-0.6875,1.102380986423844,0.10092355351738742,-0.0008355956198725617,-0.0010860552531715135,-0.0008980354411022992
-0.6825,1.1073605828279924,0.09628772994875988,-0.0008254339610043917,-0.00106766254916328,-0.0008817221599833536
-0.6775,1.112527957580707,0.09149281189571676,-0.0008148261458440594,-0.0010486736233424646,-0.0008648382554379374
-0.6725,1.1178852435279065,0.08653853612369657,-0.0008037611719860125,-0.001029089057623723,-0.0008473799426399196
-0.6675,1.1234340221975838,0.08142526022667941,-0.0007922287112513937,-0.0010089113519415318,-0.0008293450198436585
-0.6625,1.1291752545043694,0.0761540222606206,-0.0007802192491193045,-0.0009881450526733303,-0.000810733010502256
-0.6575,1.1351092101056681,0.07072660014371769,-0.000767724236699661,-0.0009667968746157082,-0.0007915453042702817
-0.6525000000000001,1.1412353965693738,0.06514556973685638,-0.0007547362550023016,-0.0009448758140534944,-0.0007717852947072605
-0.6475,1.1475524896969567,0.05941436032404603,-0.0007412491908577375,-0.0009223932503725304,-0.000751458511307586
-0.6425000000000001,1.1540582665303831,0.05353730603885758,-0.000727258423388462,-0.0008993630336365735,-0.0007305727433362312
-0.6375,1.1607495427469021,0.04751969164038511,-0.0007127610194184129,-0.0008758015555878377,-0.0007091381528588169
-0.6325000000000001,1.1676221162990277,0.04136779094232843,-0.0006977559356477515,-0.000851727801649436,-0.0006871673743308393
-0.6275,1.1746707192725494,0.03508889615237324,-0.0006822442248211288,-0.0008271633817148842,-0.0006646755981650827
-0.6225,1.1818889799967356,0.028691336396416176,-0.000666229242496877,-0.0008021325378095728,-0.0006416806358370854
-0.6174999999999999,1.1892693974320474,0.02218448379238246,-0.0006497168504055803,-0.0007766621271014406,-0.0006182029643210246
-0.6125,1.1968033297676735,0.015578745608289844,-0.0006327156117997097,-0.000750781579216597,-0.0005942657479726977
-0.6074999999999999,1.2044809989735012,0.008885541292417283,-0.0006152369736776033,-0.000724522827367259,-0.0005698948363867118
-0.6025,1.212291512763109,0.0021172634991427817,-0.000597295430355439,-0.0006979202134045098,-0.0005451187372397303
-0.5974999999999999,1.2202229050365339,-0.004712777353941731,-0.0005789086626019753,-0.0006710103675418232,-0.0005199685636728821
-0.5925,1.2282621953914743,-0.011590424985772228,-0.0005600976464829543,-0.0006438320641274116,-0.0004944779563412264
-0.5875,1.2363954677342937,-0.018500765074192637,-0.0005408867262201658,-0.0006164260554426041,-0.00046868298083989313
-0.5825,1.2446079674099773,-0.025428227921881437,-0.0005213036457799401,-0.0005888348860381937,-0.00044262200177682743
-0.5775,1.2528842156317348,-0.032356704347086894,-0.0005013795345800802,-0.0005611026905625585,-0.00041633553527312714
-0.5725,1.2612081393595174,-0.03926967267609551,-0.000481148843640022,-0.0005332749783614208,-0.000389866082108943
-0.5675,1.269563214188003,-0.04615033427542684,-0.0004606492296756984,-0.0005053984083241352,-0.0003632579440760565
-0.5625,1.2779326172937466,-0.05298175471578999,-0.0004399213860195972,-0.00047752055750915955,-0.000336557026334621
-0.5575,1.2862993870899515,-0.05974700742940459,-0.0004190088207726321,-0.00044968968700540994,-0.0003098106286961218
-0.5525,1.294646585971131,-0.06642931662279822,-0.00039795758419888187,-0.0004219545082891687,-0.00028306722877034806
-0.5475,1.3029574624156213,-0.0730121962454118,-0.0003768159489791716,-0.00039436395303855184,-0.0002563762598314742
-0.5425,1.3112156087581432,-0.07947958198773207,-0.00035563404846367146,-0.0003669669489953781,-0.00022978788609360988
-0.5375,1.3194051111432898,-0.08581595357958695,-0.0003344634794286749,-0.0003398122040465478,-0.00020335277785975232
-0.5325,1.3275106885095638,-0.09200644506009488,-0.0003133568769788533,-0.00031294800026304085,-0.00017712188874219404
-0.5275000000000001,1.3355178179092808,-0.09803694116984357,-0.00029236747008780123,-0.00028642199921101094,-0.00015114623686876896
-0.5225,1.3434128440125448,-0.1038941585437284,-0.0002715486267987258,-0.0002602810594584962,-0.0001254766917072291
-0.5175000000000001,1.3511830712401012,-0.10956571092885073,-0.0002509533982958748,-0.00023457106685919986,-0.000100163767875026
-0.5125,1.3588168375857532,-0.11504015818659052,-0.00023063407090827297,-0.00020933677791139536,-7.525742706464332e-05
-0.5075000000000001,1.3663035697915775,-0.1203070393354763,-0.00021064173464217556,-0.00018462167626861272,-5.080688901136691e-05
-0.5025,1.3736338200998748,-0.12535689033082745,-0.00019102587609510696,-0.00016046784231712127,-2.6860452262414128e-05
-0.49750000000000005,1.3807992853019293,-0.13018124764335434,-0.0001718340026325535,-0.00013691583562669922,-3.465325371375405e-06
-0.49250000000000005,1.3877928092190805,-0.13477263898326958,-0.00015311130356629823,-0.00011400459001623329,1.9332530965062086e-05
-0.48750000000000004,1.3946083700772027,-0.13912456271627183,-0.00013490035282237746,-9.177132094333122e-05,4.148855039672819e-05
-0.48250000000000004,1.4012410544687535,-0.14323145763557618,-0.00011724085628723523,-7.025144491627169e-05,6.295969567585047e-05
-0.47750000000000004,1.4076870197400133,-0.1470886647967621,-0.00010016944572902033,-4.947851062713872e-05,8.370458138289834e-05
-0.47250000000000003,1.4139434467024745,-0.1506923830994015,-8.371951995623009e-05,-2.9484141508478276e-05,0.0001036835843880188
-0.4675,1.4200084845570666,-0.15403962022287127,-6.792113273831408e-05,-1.0297989415971972e-05,0.00012285894187805945
-0.4625,1.4258811898505273,-0.15712814040580703,-5.280092600293793e-05,8.052300867615691e-06,0.00014119483684865206
-0.4575,1.4315614611678857,-0.15995641041150166,-3.838210596303689e-05,2.554111662858654e-05,0.00015865747103653701
-0.4525,1.4370499711166373,-0.16252354485646833,-2.4684459124896433e-05,4.21448920661226e-05,0.0001752151253490001
-0.4475,1.442348096988682,-0.1648292519062536,-1.1724404589285275e-05,5.784211336591218e-05,0.0001908382079336402
-0.4425,1.447457851305968,-0.166873780169642,4.849213229195038e-07,7.261331442654542e-05,0.00020549929012060467
-0.4375,1.4523818132737216,-0.16865786745611078,1.1933552320796474e-05,8.644106370599006e-05,0.00021917313055840802
-0.4325,1.4571230619881002,-0.17018269190655147,2.2614555565799475e-05,9.930994270049019e-05,0.00023183668795082575
-0.4275,1.4616851120782006,-0.17144982586709093,3.252387554115722e-05,0.00011120651661120746,0.00024346912288360738
-0.4225,1.4660718523091396,-0.17246119275217325,4.166016252046882e-05,0.00012211929779242235,0.00025405178930358526
-0.4175,1.470287487535513,-0.17321902703666547,5.002458958359049e-05,0.00013203870260720087,0.00026356821627737746
-0.4125,1.4743364842739446,-0.17372583742747985,5.7620661860371326e-05,0.00014095700234069026,0.00027200408071088216
-0.4075,1.4782235200597214,-0.17398437319229362,6.445402136911696e-05,0.00014886826883677665,0.0002793471717533197
-0.40249999999999997,1.4819534366650666,-0.1739975935651605,7.053225047262636e-05,0.00015576831553035426,0.0002855873476402862
-0.39749999999999996,1.4855311971843976,-0.17376864010463414,7.586467661424715e-05,0.00016165463454502986,0.00029071648574922714
-0.39249999999999996,1.4889618469335355,-0.17330081184782994,8.046218063165539e-05,0.00016652633051517028,0.00029472842664834194
-0.38749999999999996,1.4922504780638104,-0.17259754308193717,8.433701058700431e-05,0.0001703840517725632,0.0002976189129169392
-0.38249999999999995,1.495402197756731,-0.17166238354144783,8.750260270675456e-05,0.00017322991951255215,0.0002993855235026555
-0.37749999999999995,1.4984220998388542,-0.17049898083323559,8.997341069908711e-05,0.0001750674555234075,0.00030002760435984555
-0.37250000000000005,1.5013152396382223,-0.1691110648912182,9.176474441581195e-05,0.00017590150902704193,0.0002995461960850893
-0.36750000000000005,1.504086611891956,-0.16750243426639738,9.289261855210314e-05,0.00017573818314010032,0.0002979439592313782
-0.36250000000000004,1.5067411315080426,-0.1656769440655364,9.33736118329061e-05,0.00017458476142303571,0.00029522509794340646
-0.35750000000000004,1.5092836169820834,-0.1636384953616315,9.3224736920052e-05,0.00017244963494202024,0.00029139528251367056
-0.35250000000000004,1.5117187762708084,-0.1613910259109194,9.246332108867657e-05,0.00016934223022533194,0.00028646157141389977
-0.34750000000000003,1.5140511949277988,-0.15893850202375395,9.110689756445362e-05,0.00016527293845298546,0.0002804323333097066
-0.3425,1.5162853263124583,-0.15628491144977918,8.917310728286556e-05,0.00016025304617647856,0.0002733171695191476
-0.3375,1.5184254836902946,-0.15343425715100012,8.667961072631544e-05,0.00015429466782515807,0.00026512683732890616
-0.3325,1.5204758340506228,-0.15039055184927766,8.364400941215462e-05,0.0001474106802172646,0.0002558731745357076
-0.3275,1.5224403934765163,-0.1471578132472194,8.008377654234354e-05,0.0001396146592575192,0.00024556902553587903
-0.3225,1.524323023910961,-0.14374005983321725,7.601619628111889e-05,0.00013092081896936785,0.00023422816924312408
-0.3175,1.5261274311724937,-0.14014130719238685,7.145831109838282e-05,0.00012134395297883493,0.00022186524907390225
-0.3125,1.5278571640829561,-0.1363655647553075,6.64268766013136e-05,0.00011089937853841053,0.00020849570520154476
-0.3075,1.5295156145792794,-0.13241683292572184,6.0938323272810835e-05,9.960288315350577e-05,0.0001941357092445485
-0.3025,1.5311060186902787,-0.12829910053671142,5.500872454087181e-05,8.747067385070382e-05,0.00017880210152146472
-0.2975,1.5326314582682863,-0.12401634259234015,4.8653770616068655e-05,7.451932910622981e-05,0.00016251233097447452
-0.2925,1.5340948633739653,-0.1195725182583849,4.188874755335948e-05,6.076575343464347e-05,0.00014528439783610087
-0.2875,1.535499015220842,-0.11497156907158673,3.4728521018102126e-05,4.622713462159019e-05,0.00012713679908849367
-0.2825,1.5368465495939163,-0.11021741734192085,2.7187524263119315e-05,3.092090357038735e-05,0.00010808847674226531
-0.27749999999999997,1.5381399606641537,-0.10531396472674956,1.9279749852921007e-05,1.4864696720116643e-05,8.815876894182539e-05
-0.27249999999999996,1.5393816051277227,-0.10026509095945378,1.101874470183149e-05,-1.9236790174114364e-06,6.73673638864643e-05
-0.26749999999999996,1.5405737066055065,-0.09507465271829267,2.4176080240377135e-06,-1.9426278863114194e-05,4.573425654090782e-05
-0.26249999999999996,1.5417183602446913,-0.08974648262388482,-6.511008175137537e-06,-3.7625050386969296e-05,2.327970809558604e-05
-0.25749999999999995,1.5428175374701287,-0.08428438835589186,-1.5754896406628988e-05,-5.650186140948619e-05,2.4208125270553322e-08
-0.25249999999999995,1.5438730908386695,-0.0786921518812732,-2.5302289113643124e-05,-7.603852566717119e-05,-2.401156061510316e-05
-0.24750000000000005,1.544886758954807,-0.07297352878792195,-3.5141852477477485e-05,-9.621682632434355e-05,-4.8806754826845885e-05
-0.24250000000000005,1.5458601714107345,-0.06713224771863742,-4.526267886694188e-05,-0.00011701853741619374,-7.434040081234388e-05
-0.23750000000000004,1.5467948537183451,-0.06117200990127707,-5.5654278159325135e-05,-0.00013842544330965165,-0.0001005914222099352
-0.23250000000000004,1.547692232204776,-0.05509648877160918,-6.630656813662563e-05,-0.0001604193562695534,-0.00012753866540470232
-0.22750000000000004,1.5485536388468506,-0.04890932968588537,-7.720986413821288e-05,-0.00018298213221785807,-0.0001551609227042181
-0.22250000000000003,1.5493803160232127,-0.042614149720505194,-8.835486813022255e-05,-0.00020609568477334902,-0.0001834369533704864
-0.21750000000000003,1.5501734211660736,-0.03621453755638201,-9.973265733278556e-05,-0.0002297419976584497,-0.00021234550260067632
-0.21250000000000002,1.5509340312973559,-0.029714053445760818,-0.00011133467252861311,-0.00025390313555854793,-0.0002418653185498539
-0.20750000000000002,1.5516631474365872,-0.023116229259310537,-0.00012315270616044025,-0.00027856125351763503,-0.0002719751674888691
-0.2025,1.5523616988702285,-0.01642456861132881,-0.00013517889031029387,-0.0003036986049521709,-0.0003026538471899346
-0.1975,1.5530305472742012,-0.009642547060876028,-0.00014740568464042465,-0.0003292975483629584,-0.0003338801986313382
-0.1925,1.5536704906832386,-0.002773612386605002,-0.00015982586436391963,-0.0003553405528224631,-0.0003656331161112043
-0.1875,1.5542822673023335,0.004178815067012723,-0.00017243250830242435,-0.0003818102023125392,-0.0003978915558583657
-0.1825,1.5548665591570021,0.011211341974435978,-0.00018521898707893477,-0.0004086891989849079,-0.000430634543226259
-0.1775,1.5554239955803604,0.01832060154722838,-0.00019817895148519968,-0.0004359603654140491,-0.0004638411785533767
-0.1725,1.5559551565361023,0.025503252988178064,-0.00021130632105580187,-0.0004636066459094406,-0.0004974906417712681
-0.16749999999999998,1.5564605757774197,0.03275598088395073,-0.00022459527287437762,-0.0004916111069513067,-0.0005315621958383836
-0.16249999999999998,1.5569407438427076,0.04007549453892037,-0.00023804023063161818,-0.0005199569368112997,-0.0005660351890752957
-0.15749999999999997,1.5573961108895706,0.047458527252866596,-0.0002516358539495775,-0.0005486274444167907,-0.0006008890564739895
-0.15249999999999997,1.5578270893692023,0.05490183554526386,-0.0002653770279823366,-0.0005776060575147752,-0.0006361033200510746
-0.14749999999999996,1.5582340565436563,0.06240219832890777,-0.0002792588532991661,-0.0006068763201887574,-0.0006716575883119153
-0.14249999999999996,1.5586173568488837,0.06995641603563492,-0.00029327663605292217,-0.0006364218897794377,-0.0007075315548898812
-0.13749999999999996,1.5589773041066648,0.07756130969689352,-0.0003074258784334636,-0.0006662265332575627,-0.0007437049964221549
-0.13249999999999995,1.559314183588758,0.08521371998190687,-0.000321702269403312,-0.0006962741230949245,-0.0007801577697208565
-0.12749999999999995,1.5596282539366917,0.09291050619615629,-0.00033610167571057576,-0.0007265486326772583,-0.0008168698082956722
-0.12250000000000005,1.5599197489406882,0.10064854524287797,-0.00035062013317224553,-0.0007570341313006277,-0.0008538211182816752
-0.11750000000000005,1.5601888791811915,0.10842473055023595,-0.0003652538382193341,-0.000787714778790897,-0.0008909917738236986
-0.11250000000000004,1.560435833536425,0.11623597096679106,-0.00037999913969391014,-0.0008185748197839827,-0.0009283619119663711
-0.10750000000000004,1.5606607805593045,0.12407918962784382,-0.00039485253088686627,-0.0008495985777028438,-0.000965911727096869
-0.10250000000000004,1.5608638697268942,0.13195132279517996,-0.0004098106418041984,-0.0008807704484655512,-0.0010036214649854927
-0.09750000000000003,1.5610452325654287,0.13984931867270126,-0.00042487023164865934,-0.0009120748939572971,-0.0010414714164674011
-0.09250000000000003,1.5612049836537212,0.14777013620037496,-0.0004400281815028544,-0.0009434964352979134,-0.001079441910807247
-0.08750000000000002,1.561343221507557,0.15571074382888794,-0.00045528148719912147,-0.0009750196459352378,-0.0011175133087869885
-0.08250000000000002,1.5614600293474281,0.1636681182773459,-0.0004706272523609201,-0.0010066291445936875,-0.0011556659955559042
-0.07750000000000001,1.561555475751697,0.17163924327631724,-0.0004860626815998544,-0.001038309588106479,-0.0011938803732807304
-0.07250000000000001,1.5616296151970075,0.17962110829847844,-0.0005015850738519276,-0.0010700456641592308,-0.0012321368536329373
-0.0675,1.5616824884874636,0.1876107072790885,-0.0005171918158360972,-0.0011018220839720812,-0.0012704158501494125
-0.0625,1.5617141230737965,0.19560503732848658,-0.0005328803756177026,-0.0011336235749470458,-0.0013086977705022884
-0.057499999999999996,1.5617245332634366,0.20360109743878466,-0.0005486482962588313,-0.0011654348733070444,-0.0013469630087132591
-0.05249999999999999,1.5617137203220857,0.2115958871869088,-0.0005644931895371783,-0.0011972407167529255,-0.001385191937347589
-0.04749999999999999,1.5616816724670723,0.21958640543613012,-0.0005804127297144178,-0.0012290258371648092,-0.001423364899722977
-0.04249999999999998,1.5616283647524458,0.22756964903822266,-0.0005964046473345551,-0.001260774953374292,-0.0014614622021686928
-0.03749999999999998,1.5615537588454529,0.23554261153838119,-0.0006124667230321262,-0.0012924727640343425,-0.0014994641063707295
-0.03249999999999997,1.5614578026937085,0.24350228188504647,-0.000628596781329486,-0.001324103940614234,-0.001537350821839342
-0.02749999999999997,1.5613404300820715,0.25144564314678974,-0.000644792684401743,-0.00135565312054748,-0.0015751024985360918
-0.022499999999999964,1.5612015600779143,0.25936967123843385,-0.0006610523257871606,-0.0013871049005615046,-0.0016126992196984508
-0.01749999999999996,1.561041096363177,0.26727133365860833,-0.0006773736240200727,-0.0014184438302187457,-0.0016501209949012147
-0.012499999999999956,1.5608589264513053,0.27514758824096563,-0.0006937545161624932,-0.0014496544056999247,-0.0016873477533952703
-0.007499999999999951,1.5606549207868883,0.2829953819213188,-0.0007101929512097145,-0.0014807210638614905,-0.0017243593377658224
-0.0024999999999999467,1.5604289317255455,0.2908116495229981,-0.0007266868833441949,-0.0015116281766005609,-0.001761135497953882
0.0024999999999999467,1.5601807923913684,0.2985933125627606,-0.0007432342650110161,-0.001542360045562235,-0.0017976558856867264
0.007500000000000062,1.5599103154089895,0.30633727807963224,-0.0007598330397870902,-0.0015729008972257949,-0.0018339000493651516
0.012499999999999956,1.5596172915071524,0.31404043748909766,-0.0007764811350151336,-0.0016032348784080785,-0.0018698474294575808
0.01750000000000007,1.5593014879904812,0.3216996654650983,-0.0007931764541722114,-0.0016333460522242418,-0.001905477354453554
0.022499999999999964,1.5589626470760052,0.3293118188523365,-0.000809916868941392,-0.001663218394548169,-0.001940769037431765
0.02750000000000008,1.5586004840908931,0.33687373561142175,-0.0008267002109537389,-0.0016928357910169548,-0.001975701573300575
0.03249999999999997,1.5582146855277854,0.34438223379942223,-0.0008435242631665221,-0.0017221820346261455,-0.002010253936771916
0.03750000000000009,1.5578049069541071,0.35183411058841774,-0.0008603867508421631,-0.0017512408239648404,-0.0020444049811325833
0.04249999999999998,1.557370770771783,0.3592261413246628,-0.0008772853320910627,-0.0017799957621421954,-0.002078133437880175
0.0475000000000001,1.5569118638238808,0.3665550786309856,-0.0008942175879400995,-0.0018084303564594806,-0.0021114179172943308
0.05249999999999999,1.5564277348448887,0.3738176515550416,-0.0009111810118872594,-0.0018365280188844461,-0.0021442369100173977
0.05750000000000011,1.5559178917515806,0.3810105647660414,-0.0009281729989016169,-0.0018642720673874757,-0.002176568789722275
0.0625,1.5553817987717644,0.38813049780254005,-0.000945190833826725,-0.0018916457282017437,-0.002208391816948865
0.0674999999999999,1.5548188734086525,0.395174104373852,-0.0009622316791444439,-0.0019186321390723513,-0.0022396841441943006
0.07250000000000001,1.5542284832391233,0.40213801171760116,-0.000979292562055436,-0.001945214353562228,-0.002270423822345911
0.0774999999999999,1.5536099425448195,0.40901882001586803,-0.0009963703608319241,-0.001971375346485287,-0.0023005888085496605
0.08250000000000002,1.5529625087758112,0.41581310187231324,-0.0010134617903980621,-0.001997098020540119,-0.0023301569756105896
0.08749999999999991,1.552285378847486,0.42251740185259684,-0.0010305633870933161,-0.0020223652142200847,-0.0023591061230254615
0.09250000000000003,1.5515776852724192,0.42912823609031014,-0.0010476714925748217,-0.002047159711078266,-0.0023874139897514294
0.09749999999999992,1.5508384921302345,0.43564209196056297,-0.0010647822368157638,-0.0020714642504281234,-0.0024150582688179986
0.10250000000000004,1.5500667908798935,0.44205542782327806,-0.0010818915201585956,-0.0020952615395629652,-0.0024420166238927985
0.10749999999999993,1.5492614960205024,0.44836467283816744,-0.0010989949943844227,-0.002118534267579333,-0.0024682667079146416
0.11250000000000004,1.5484214406085606,0.4545662268533118,-0.0011160880427633537,-0.0021412651208911914,-0.0024937861839100274
0.11749999999999994,1.5475453716416536,0.4606564603692288,-0.0011331657590551152,-0.002163436800523221,-0.0025185527481114563
0.12250000000000005,1.546631945320907,0.4666317145803308,-0.0011502229254349936,-0.0021850320412726072,-0.0025425441554976797
0.12749999999999995,1.5456797222070953,0.47248830149573673,-0.001167253989327307,-0.002206033632829287,-0.002565738247877131
0.13250000000000006,1.5446871622881484,0.4782225041415482,-0.0011842530391374334,-0.002226424442944781,-0.002588112984636273
0.13749999999999996,1.5436526199789355,0.4838305768469379,-0.0012012137788840046,-0.0022461874427391736,-0.002609646476274151
0.14250000000000007,1.5425743390776525,0.48930874561676163,-0.0012181295017455892,-0.002265305734234645,-0.002630317020843139
0.14749999999999996,1.541450447706907,0.49465320859391837,-0.0012349930625512025,-0.0022837625802019793,-0.0026501031434133892
0.15250000000000008,1.5402789532716998,0.49986013661538026,-0.0012517968492615611,-0.0023015414364035446,-0.002668983638674729
0.15749999999999997,1.539057737470955,0.5049256738667395,-0.0012685327535084784,-0.002318625986312319,-0.002686937616784515
0.1625000000000001,1.5377845514040773,0.5098459386412986,-0.0012851921402833517,-0.002335000178381413,-0.0027039445525630446
0.16749999999999998,1.536457010819217,0.5146170242112311,-0.001301765816892723,-0.002350648265932036,-0.0027199843381292307
0.1725000000000001,1.5350725915555241,0.5192349998202006,-0.0013182440013295661,-0.0023655548497198728,-0.0027350373390582342
0.1775,1.5336286252376716,0.5236959118090911,-0.0013346162902435719,-0.0023797049232300747,-0.0027490844541292036
0.1825000000000001,1.5321222952873543,0.5279957848892699,-0.0013508716267325238,-0.002393083920739364,-0.002762107178715005
0.1875,1.530550633323312,0.5321306235810813,-0.001366998268219982,-0.00240567776816985,-0.0027740876718463712
0.1924999999999999,1.5289105160287042,0.5360964138391726,-0.001382983754732192,-0.0024174729367427705,-0.0027850088269601113
0.1975,1.5271986625723768,0.5398891248908203,-0.0013988148779392742,-0.0024284564994211987,-0.002794854346314212
0.2024999999999999,1.5254116326787093,0.5435047113187219,-0.001414477651382525,-0.0024386161901085667,-0.0028036088190217827
0.20750000000000002,1.5235458254493017,0.5469391154258307,-0.00142995728237069,-0.0024479404655441306,-0.002811257802620234
0.2124999999999999,1.5215974790487417,0.5501882699267723,-0.001445238146093206,-0.002456418569807199,-0.0028177879080514383
0.21750000000000003,1.5195626713760648,0.5532481010182559,-0.0014603037625670855,-0.0024640406013083276,-0.0028231868878826507
0.22249999999999992,1.5174373218532224,0.5561145318897308,-0.0014751367771056333,-0.0024707975821077607,-0.0028274437275461494
0.22750000000000004,1.5152171944718644,0.5587834867453325,-0.0014897189450707032,-0.0024766815293586334,-0.0028305487393177307
0.23249999999999993,1.512897902249931,0.5612508954189518,-0.0015040311217443337,-0.0024816855286245417,-0.0028324936586899144
0.23750000000000004,1.5104749132598072,0.5635126986759793,-0.001518053258228957,-0.0024858038087679085,-0.0028332717427250356
0.24249999999999994,1.5079435583999827,0.5655648543078864,-0.001531764404356028,-0.0024890318180468465,-0.002832877869896172
0.24750000000000005,1.5052990410920488,0.5674033441391765,-0.0015451427196485753,-0.002491366300993849,-0.0028313086408401685
0.25249999999999995,1.5025364490942004,0.5690241820801984,-0.001558165493441244,-0.00249280537557987,-0.002828562479357344
0.25750000000000006,1.4996507686308385,0.5704234233736338,-0.0015708091753087548,-0.002493348610092178,-0.0028246397328972094
0.26249999999999996,1.496636901044939,0.5715971751967922,-0.0015830494169869428,-0.002492997099074495,-0.002819542771669636
0.26750000000000007,1.4934896821850392,0.5725416087957612,-0.0015948611269856556,-0.0024917535375939626,-0.0028132760854176013
0.27249999999999996,1.4902039047413,0.5732529733404242,-0.0016062185390856684,-0.0024896222930124935,-0.0028058463767823127
0.2775000000000001,1.4867743437443353,0.5737276117006297,-0.001617095295877748,-0.0024866094733515163,-0.0027972626500863723
0.2825,1.4831957854353648,0.5739619783526378,-0.0016274645484363017,-0.002482722991250934,-0.0027875362942580734
0.2875000000000001,1.4794630597056337,0.57395265963026,-0.0016372990731177506,-0.0024779726224373904,-0.0027766811585227475
0.2925,1.4755710762856113,0.5736963965357582,-0.0016465714063300077,-0.0024723700575367954,-0.0027647136193990145
0.2975000000000001,1.4715148648387608,0.5731901103201572,-0.0016552539979295352,-0.0024659289459946225,-0.002751652637462641
0.3025,1.46728961907904,0.5724309310296171,-0.001663319383662223,-0.0024586649308087883,-0.002737519802283048
0.3075000000000001,1.4628907449839843,0.5714162291922141,-0.0016707403767702827,-0.0024505956727382833,-0.00272233936390219
0.3125,1.4583139131144283,0.5701436507860328,-0.0016774902785371398,-0.0024417408626311054,-0.002706138249217951
0.3174999999999999,1.4535551149759092,0.5686111555829995,-0.0016835431071349654,-0.0024321222205225864,-0.002688946061659643
0.3225,1.4486107232638683,0.5668170589014782,-0.001688873843675861,-0.002421763480195373,-0.002670795062607387
0.3274999999999999,1.4434775557237043,0.5647600767226004,-0.0016934586938510473,-0.0024106903579705816,-0.002651720133115198
0.3325,1.4381529422266643,0.5624393740291298,-0.0016972753629785715,-0.0023989305046210516,-0.0026317587146543362
0.3374999999999999,1.4326347945134938,0.5598546161104277,-0.0017003033416781188,-0.0023865134394667653,-0.0026109507278027832
0.3425,1.426921677890659,0.5570060224425964,-0.0017025241987642056,-0.0023734704659327034,-0.002589338468071078
0.3474999999999999,1.4210128839811014,0.5538944225998602,-0.0017039218773128764,-0.0023598345681227462,-0.002566966478375057
0.35250000000000004,1.4149085034368,0.5505213134837836,-0.0017044829892326745,-0.002345640288289371,-0.002543881398040724
0.35749999999999993,1.4086094973196388,0.5468889169746101,-0.0017041971030828378,-0.0023309235854552385,-0.002520131788651553
0.36250000000000004,1.4021177656580341,0.5430002369192404,-0.001703057019358926,-0.0023157216758635424,-0.0024957679375165816
0.36749999999999994,1.3954362114994083,0.5388591141805213,-0.0017010590270400206,-0.0023000728563899084,-0.0024708416400382074
0.37250000000000005,1.3885687986148174,0.5344702782919851,-0.0016982031348961194,-0.002284016312526809,-0.0024454059627774223
0.37749999999999995,1.3815206008855387,0.5298393941022361,-0.0016944932709238086,-0.002267591913035313,-0.002419514989534014
0.38250000000000006,1.3742978413269127,0.5249731016666919,-0.001689937443345748,-0.0022508399938285673,-0.0023932235532594594
0.38749999999999996,1.3669079186972073,0.5198790475651645,-0.0016845478569043467,-0.0022338011340839376,-0.002366586957078533
0.39250000000000007,1.3593594197127847,0.5145659058057748,-0.0016783409787248808,-0.0022165159279520894,-0.002339660688088395
0.39749999999999996,1.3516621150571189,0.5090433865318417,-0.001671337548831401,-0.002199024755516879,-0.0023125001279081653
0.4025000000000001,1.343826937638148,0.5033222308893737,-0.0016635625314707558,-0.002181367556836963,-0.0022851602641467774
0.4075,1.3358659419185788,0.49741419064548176,-0.001655045004721535,-0.002163583612949366,-0.0022576954070255206
0.4125000000000001,1.3277922436129164,0.4913319914743415,-0.0016458179874046428,-0.002145711337623385,-0.002230158915322863
0.4175,1.3196199396014212,0.4850892792428016,-0.001635918204021929,-0.0021277880834141673,-0.0022026029355994726
0.4225000000000001,1.3113640085351514,0.47870054912108867,-0.0016253857902637759,-0.0021098499651822445,-0.0021750781583151687
0.4275,1.3030401932705198,0.47218105789672943,-0.00161426394346661,-0.0020919317037308652,-0.002147633593980494
0.4325000000000001,1.2946648669429377,0.46554672045680917,-0.001602598524178102,-0.0020740664915897093,-0.0021203163719152205
0.4375,1.2862548851296087,0.4588139919946517,-0.0015904376166083621,-0.0020562858822721474,-0.0020931715635430946
0.4424999999999999,1.2778274271226062,0.45199973805846866,-0.0015778310571197586,-0.002038619703591186,-0.002066242031470056
0.4475,1.2693998297982583,0.44512109505736275,-0.0015648299409561576,-0.0020210959948773924,-0.0020395683049077395
0.4524999999999999,1.2609894178961718,0.43819532424253227,-0.0015514861180716776,-0.0020037409672416435,-0.0020131884813502504
0.4575,1.2526133346879327,0.43123966246205464,-0.0015378516891496907,-0.0019865789854042804,-0.001987138153821244
0.4624999999999999,1.2442883770093074,0.42427117312741613,-0.0015239785126917955,-0.0019696325691016293,-0.0019614503625051266
0.4675,1.2360308384502923,0.4173066008197823,-0.001509917733419066,-0.001952922411702792,-0.0019361555691776444
0.4724999999999999,1.2278563641563562,0.4103622328050484,-0.0014957193412064387,-0.001936467413435888,-0.0019112816525650887
0.47750000000000004,1.2197798202143546,0.4034537704304747,-0.0014814317684310563,-0.0019202847265336268,-0.0018868539225868333
0.48249999999999993,1.2118151800093064,0.39659621296270714,-0.0014671015320397711,-0.0019043898096531712,-0.0018628951513640268
0.48750000000000004,1.2039754292806346,0.3898037559248495,-0.0014527729249227833,-0.0018887964890859962,-0.0018394256188932216
0.49249999999999994,1.1962724909181963,0.38308970543088955,-0.0014384877594150326,-0.0018735170245246233,-0.0018164631713684057
0.49750000000000005,1.1887171698580192,0.3764664094327382,-0.001424285164024866,-0.001858562177466561,-0.0017940232902682405
0.5025,1.1813191177997857,0.3699452062206068,-0.0014102014328898223,-0.0018439412806824235,-0.0017721191704871667
0.5075000000000001,1.1740868169012022,0.36353638998000226,-0.0013962699260453302,-0.0018296623075281682,-0.0017507618059619987
0.5125,1.1670275811291937,0.35724919273141,-0.0013825210174084935,-0.001815731940217884,-0.001729960081415574
0.5175000000000001,1.1601475735768638,0.35109178157840054,-0.0013689820864512825,-0.0018021556364757473,-0.001709720868995836
0.5225,1.1534518377928926,0.3450712698762328,-0.001355677548872722,-0.001788937694241945,-0.001690049128726505
0.5275000000000001,1.1469443410138558,0.3391937407093222,-0.001342628921169316,-0.0017760813143112221,-0.0016709480118017616
0.5325,1.1406280271315161,0.33346428092973596,-0.0013298549138257914,-0.0017635886609332452,-0.001652418965852871
0.5375000000000001,1.1345048772539077,0.3278870239531588,-0.0013173715478740334,-0.0017514609205040211,-0.0016344618413918859
0.5425,1.1285759758159157,0.3224651995232089,-0.001305192289761315,-0.0017396983585331995,-0.001617074998700528
0.5475000000000001,1.122841580345906,0.31720118872732944,-0.0012933281997920282,-0.0017283003750909348,-0.001600255414485231
0.5525,1.1173011931838008,0.31209658266463036,-0.0012817880898233311,-0.0017172655589285353,-0.0015839987876663409
0.5575000000000001,1.1119536336580726,0.307152243315161,-0.001270578686370367,-0.0017065917404379374,-0.0015682996437140562
0.5625,1.1067971094514297,0.30236836532922334,-0.0012597047957812785,-0.0016962760435737325,-0.0015531514369885857
0.5674999999999999,1.101829286106774,0.29774453763404596,-0.0012491694686512745,-0.0016863149368147254,-0.0015385466505889078
0.5725,1.0970473538378667,0.2932798039346927,-0.0012389741611388875,-0.0016767042831950549,-0.0015244768932642428
0.5774999999999999,1.0924480910068732,0.28897272135965213,-0.0012291188913118938,-0.0016674393893916807,-0.0015109329929950913
0.5825,1.0880279238095023,0.28482141666400446,-0.001219602389075057,-0.0016585150538181571,-0.0014979050869057921
0.5874999999999999,1.0837829818654574,0.28082363955100087,-0.0012104222386111522,-0.0016499256136455647,-0.001485382707227248
0.5925,1.079709149546572,0.27697681280424635,-0.001201575012597857,-0.0016416649906507714,-0.0014733548630854894
0.5974999999999999,1.0758021129875708,0.27327807903659324,-0.0011930563977460707,-0.0016337267357797434,-0.0014618101179479873
0.6025,1.0720574028160335,0.2697243439583906,-0.0011848613114418998,-0.0016261040723087247,-0.0014507366626138518
0.6074999999999999,1.0684704327105246,0.26631231614760864,-0.001176984009468027,-0.001618789937487732,-0.0014401223836852572
0.6125,1.0650365339510168,0.2630385433687719,-0.0011694181849345902,-0.0016117770225578813,-0.0014299549275047841
0.6174999999999999,1.0617509861658814,0.25989944553808497,-0.0011621570586693858,-0.0016050578110453008,-0.0014202217595862248
0.6225,1.0586090445070238,0.2568913444702535,-0.0011551934614067822,-0.0015986246152486275,-0.0014109102196043575
0.6275,1.0556059635013546,0.2540104905699689,-0.0011485199081786304,-0.0015924696108532957,-0.001402007572042032
0.6325000000000001,1.0527370178346387,0.2512530866494747,-0.0011421286653529057,-0.0015865848696230119,-0.0013935010526206415
0.6375,1.0499975203246597,0.24861530906460594,-0.0011360118107906474,-0.0015809623901362464,-0.0013853779106627853
0.6425000000000001,1.047382837336121,0.2460933263665715,-0.0011301612876023729,-0.001575594126552553,-0.0013776254475538917
0.6475,1.0448884018811244,0.24368331566681278,-0.0011245689519846403,-0.0015704720154096573,-0.0013702310514831484
0.6525000000000001,1.042509724637567,0.24138147690857428,-0.0011192266156082578,-0.0015655880004670922,-0.0013631822286536367
0.6575,1.0402424031043065,0.2391840452323287,-0.0011141260830141355,-0.0015609340556255785,-0.0013564666311575606
0.6625000000000001,1.0380821290972555,0.23708730161366448,-0.0011092591844525795,-0.001556502205963081,-0.0013500720817152688
0.6675,1.0360246947752472,0.2350875819423393,-0.0011046178045786544,-0.0015522845469386451,-0.0013439865954769806
0.6725000000000001,1.0340659973690907,0.23318128470044475,-0.0011001939073910204,-0.0015482732618235524,-0.0013381983990839483
0.6775,1.0322020427720335,0.23136487738642852,-0.0010959795577755941,-0.001544460637426243,-0.0013326959471818567
0.6825000000000001,1.0304289481351558,0.22963490182043045,-0.0010919669399890434,-0.0015408390781828471,-0.0013274679365737527
0.6875,1.02874294359721,0.22798797845523408,-0.0010881483733911402,-0.0015374011186891732,-0.0013225033181931318
0.6924999999999999,1.0271403732652489,0.226420809806312,-0.0010845163257098118,-0.0015341394347527842,-0.0013177913070702878
0.6975,1.025617695550084,0.22493018310409352,-0.0010810634240985282,-0.001531046853045425,-0.0013133213904568172
0.7024999999999999,1.0241714829492676,0.22351297226177155,-0.001077782464222819,-0.0015281163594367602,-0.0013090833342646328
0.7075,1.0227984213598698,0.22216613924277445,-0.001074666417591134,-0.0015253411060901494,-0.0013050671879669495
0.7124999999999999,1.0214953089938335,0.2208867349034649,-0.001071708437325234,-0.001522714417400338,-0.0013012632880998701
0.7175,1.0202590549600798,0.21967189937871975,-0.0010689018625466417,-0.0015202297948513739,-0.001297662260494298
0.7224999999999999,1.0190866775697653,0.21851886207078067,-0.0010662402215385282,-0.0015178809208710817,-0.001294255021359243
0.7275,1.0179753024141116,0.21742494129513273,-0.001063717233826586,-0.0015156616617560388,-0.001291032777329125
0.7324999999999999,1.016922160257943,0.2163875436311676,-0.001061326811308001,-0.0015135660697383334,-0.001287987024579588
0.7375,1.0159245847864358,0.21540416301998352,-0.0010590630585443654,-0.0015115883842625776,-0.0012851095471086047
0.7424999999999999,1.014980010237506,0.21447237964686328,-0.0010569202723223292,-0.0015097230325387548,-0.0012823924142724348
0.7475,1.0140859689476953,0.21358985864172075,-0.0010548929405747596,-0.00150796462943364,-0.001279827977659247
0.7525,1.0132400888352653,0.2127543486270958,-0.001052975740745191,-0.0015063079767607649,-0.001277408867377056
0.7575000000000001,1.0124400908404658,0.2119636801400551,-0.0010511635376692543,-0.0015047480620263328,-0.001275127987827007
0.7625,1.011683786339554,0.21121576395157646,-0.0010494513810386102,-0.00150328005668602,-0.0012729785130279523
0.7675000000000001,1.0109690745461122,0.2105085893045741,-0.0010478345025055635,-0.0015018993139653397,-0.0012709538815537135
0.7725,1.0102939399105615,0.20984022208956862,-0.0010463083124800624,-0.0015006013662940037,-0.0012690477911401874
0.7775000000000001,1.009656449526547,0.20920880297502292,-0.001044868396665135,-0.0014993819224024404,-0.001267254193015523
0.7825,1.009054750551097,0.20861254550742786,-0.0010435105123719837,-0.0014982368641261504,-0.0012655672860027456
0.7875000000000001,1.0084870676442017,0.20804973419425438,-0.0010422305846518993,-0.0014971622429607876,-0.0012639815104402556
0.7925,1.0079517004327028,0.20751872258081616,-0.0010410247022788342,-0.001496154276407601,-0.0012624915419615307
0.7975000000000001,1.0074470210031223,0.2070179313298903,-0.00103988911361373,-0.0014952093441451132,-0.0012610922851709026
0.8025,1.0069714714281977,0.20654584631067338,-0.001038820222379422,-0.0014943239840587547,-0.0012597788672476338
0.8075000000000001,1.0065235613322954,0.20610101670138212,-0.001037814583372907,-0.0014934948881556024,-0.001258546631505581
0.8125,1.0061018655013758,0.20568205310771584,-0.0010368688981398147,-0.001492718898386833,-0.0012573911309308962
0.8174999999999999,1.0057050215435643,0.20528762569761472,-0.0010359800106338128,-0.0014919930023961003,-0.0012563081217155686
0.8225,1.0053317276064737,0.20491646235148012,-0.0010351449028813185,-0.0014913143292082862,-0.0012552935568005818
0.8274999999999999,1.004980740157057,0.20456734682635483,-0.0010343606906691363,-0.0014906801448700924,-0.0012543435794392115
0.8325,1.0046508718288705,0.20423911693258426,-0.0010336246192696147,-0.0014900878480521272,-0.0012534545167888378
0.8374999999999999,1.0043409893402289,0.20393066272213514,-0.0010329340592146032,-0.0014895349656214303,-0.0012526228735385723
0.8425,1.0040500114849071,0.20364092468893352,-0.0010322865021261747,-0.0014890191481937267,-0.001251845325580026
0.8474999999999999,1.0037769071950142,0.20336889198307892,-0.0010316795566089713,-0.0014885381656759785,-0.0012511187137294651
0.8525,1.003520693673641,0.20311360064236236,-0.0010311109442063507,-0.0014880899028114972,-0.0012504400375110702
0.8574999999999999,1.0032804345931132,0.2028741318459025,-0.001030578495420536,-0.0014876723547417392,-0.0012498064490127254
0.8625,1.0030552383533926,0.20264961019568611,-0.0010300801457957273,-0.001487283622600399,-0.0012492152468272552
0.8674999999999999,1.0028442563944742,0.20243920203222837,-0.0010296139320628026,-0.001486921909156348,-0.0012486638700930815
0.8725,1.0026466815565975,0.2022421137903684,-0.001029177988344604,-0.0014865855145220182,-0.001248149892648543
0.8775,1.0024617464826793,0.20205759040045262,-0.0010287705424218065,-0.0014862728319430085,-0.001247671017313655
0.8825000000000001,1.0022887220584353,0.20188491373892536,-0.001028389912060781,-0.0014859823436831803,-0.0012472250703118497
0.8875,1.0021269158870385,0.20172340113084997,-0.001028034501406404,-0.0014857126170174388,-0.001246809995842496
0.8925000000000001,1.0019756707966272,0.2015724039052975,-0.0010277027974443435,-0.0014854623003423626,-0.0012464238508131155
0.8975,1.001834363380356,0.20143130600307202,-0.0010273933665388066,-0.0014852301194132932,-0.0012460647997385875
0.9025000000000001,1.0017024025698078,0.20129952263503498,-0.0010271048510532136,-0.001485014873716305,-0.0012457311098141193
0.9075,1.001579228243371,0.2011764989884393,-0.0010268359660630362,-0.0014848154329857727,-0.001245421146170257
0.9125000000000001,1.0014643098715967,0.20106170897821446,-0.0010265854961729161,-0.0014846307338849585,-0.0012451333673235807
0.9175,1.0013571452015966,0.2009546540400497,-0.001026352292455316,-0.001484459776881302,-0.0012448663208489952
0.9225000000000001,1.00125725898231,0.2008548619623119,-0.001026135269537865,-0.0014843016233756965,-0.0012446186393245164
0.9275,1.0011642017320235,0.20076188575424414,-0.0010259334028851334,-0.001484155393195964,-0.0012443890366475663
0.9325000000000001,1.001077548548977,0.20067530254840354,-0.0010257457263549601,-0.0014840202626571705,-0.0012441763049129476
0.9375,1.0009968979653243,0.20059471253584105,-0.00102557133017214,-0.0014838954635574117,-0.001243979312213236
0.9424999999999999,1.0009218708441894,0.20051973793302685,-0.0010254093595749387,-0.0014837802837740716,-0.001243797002039891
0.9475,1.0008521093191522,0.20045002197995854,-0.0010252590145907368,-0.0014836740706522262,-0.0012436283955517722
0.9524999999999999,1.0007872757753191,0.20038522796932906,-0.0010251195517528163,-0.0014835762393091095,-0.0012434725990641215
0.9575,1.0007270518717635,0.2003250383076754,-0.0010249902891973804,-0.0014834862896214904,-0.0012433288211087803
0.9624999999999999,1.0006711376101982,0.20026915361468142,-0.0010248706176832747,-0.0014834038385434529,-0.001243196407074134
0.9675,1.0006192504858251,0.2002172918979417,-0.0010247600220265728,-0.0014833286794099978,-0.0012430749060865314
0.9724999999999999,1.0005711249433913,0.20016918802745123,-0.0010246581209674794,-0.0014832608884057415,-0.0012429641967273265
0.9775,1.0005265134821213,0.20012459485436984,-0.0010245647403852474,-0.0014832010119217854,-0.0012428647187255045
0.9824999999999999,1.0004851974481217,0.2000832940121897,-0.0010244800513613856,-0.001483150384352874,-0.001242777888246551
0.9875,1.0004470554452911,0.20004516432427555,-0.001024404860872671,-0.00148311160764598,-0.0012427067893600607
0.9924999999999999,1.0004124744007046,0.20001059281140934,-0.0010243414040928178,-0.0014830889213637325,-0.0012426570229324544
0.9975,1.0003847942030686,0.19998291897533815,-0.0010242964098637155,-0.001483086064067442,-0.0012426358013046992
