3.5
3.5
3.5
3.5
3.5
3.5
3.5
3.5
3.5
3.5
3.5
3.5
3.5
3.5
3.5
3.5
3.5
3.5
3.5
3.5
3.5
3.5
3.5
3.5
3.5
3.5
3.5
3.5
3.5
3.5
3.5
3.5
3.5
3.5
3.5
3.5
3.5
3.5
3.5
3.5
3.5
3.5
3.5
3.5
3.5
3.5
3.5
3.5
3.5
3.5
3.5
3.5
3.5
3.5
3.5
3.5
3.5
3.5
3.5
3.5
3.5
3.5
3.5
3.5
3.5
3.5
3.5
3.5
3.5
3.5
3.5
3.5
3.5
3.5
3.5
3.5
3.5
3.5
3.5
3.5
3.5
3.5
3.5
3.5
3.5
3.5
3.5
3.5
3.5
3.5
3.5
3.5
3.5
3.5
3.5
3.5
3.5
3.5
3.5
3.5
3.5
3.5
3.5
3.5
3.5
3.5
3.5
3.5
3.5
3.5
3.5
3.5
3.5
3.5
3.5
3.5
3.5
3.5
3.5
3.5
3.5
3.5
3.5
3.5
3.5
3.5
3.5
3.5
3.5
3.5
3.5
3.5
3.5
3.5
3.5
3.5
3.5
3.5
3.5
3.5
3.5
3.5
3.5
3.5
3.5
3.5
3.5
3.5
3.5
3.5
3.5
3.5
3.5
3.5
3.5
3.5
3.5
3.5
3.5
3.5
3.5
3.5
3.5
3.5
3.5
3.5
3.5
3.5
3.5
3.5
3.5
3.5
3.5
3.5
3.5
3.5
3.5
3.5
3.5
3.5
3.5
3.5
3.5
3.5
3.5
3.5
3.5
3.5
3.5
3.5
3.5
3.5
3.5
3.5
3.5
3.5
3.5
3.5
3.5
3.5
3.5
3.5
3.5
3.5
3.5
3.5
3.5
3.5
3.5
3.5
3.5
3.5
3.5
3.5
3.5
3.5
3.5
3.5
3.5
3.5
3.5
3.5
3.5
3.5
3.5
3.5
3.5
3.5
3.5
3.5
3.5
3.5
3.5
3.5
3.5
3.5
3.5
3.5
3.5
3.5
3.5
3.5
3.5
3.5
3.5
3.5
3.5
3.5
3.49999999999
3.49999999993
3.49999999963
3.49999999798
3.49999999121
3.49999998581
3.49999998237
3.4999999702
3.49999993679
3.49999991987
3.49999991351
3.49999990132
3.49999988114
3.49999987178
3.49999986158
3.49999982875
3.49999979066
3.49999977697
3.49999976546
3.49999973931
3.4999997186
3.49999970623
3.49999968099
3.49999962399
3.49999959219
3.49999957631
3.49999955162
3.4999995147
3.49999949414
3.49999947213
3.49999941569
3.4999993507
3.49999932253
3.49999929807
3.49999925151
3.49999921247
3.49999918613
3.4999991401
3.49999904498
3.49999898743
3.49999895472
3.49999890906
3.49999884433
3.49999880402
3.49999876155
3.49999866666
3.49999855689
3.49999850329
3.49999845608
3.4999983753
3.49999830409
3.49999825295
3.49999817345
3.4999980188
3.49999791748
3.49999785439
3.49999777416
3.49999766426
3.49999758973
3.49999751291
3.49999736048
3.49999717881
3.49999708112
3.49999699373
3.49999685973
3.49999673649
3.4999966433
3.49999651122
3.4999962635
3.49999608966
3.49999597604
3.49999583858
3.49999565383
3.49999551945
3.49999538393
3.49999514008
3.4999948458
3.49999467533
3.49999452378
3.49999430203
3.49999409283
3.49999392813
3.49999370753
3.49999331801
3.49999303129
3.49999283538
3.49999260566
3.49999230709
3.49999208045
3.49999184848
3.49999145388
3.49999098372
3.49999069306
3.49999043388
3.49999007974
3.49998973811
3.49998945836
3.49998909267
3.49998848178
3.49998801441
3.49998767797
3.49998729776
3.49998681637
3.49998643025
3.4999860346
3.49998541936
3.49998468732
3.4999842076
3.49998377354
3.49998319912
3.49998264098
3.49998216827
3.4999815738
3.499980632
3.49997988738
3.49997932704
3.49997870289
3.49997793408
3.49997729296
3.49997664388
3.49997568458
3.49997454398
3.49997375026
3.4999730286
3.49997212729
3.49997123001
3.4999704416
3.49996949078
3.49996804502
3.49996684912
3.49996591244
3.49996490768
3.49996369347
3.49996263937
3.49996157079
3.49996007834
3.49995830516
3.49995700915
3.49995582924
3.49995439912
3.49995295212
3.4999516635
3.49995015224
3.49994794316
3.49994605669
3.49994453938
3.49994291705
3.49994098915
3.49993928561
3.49993757251
3.49993526975
3.49993254139
3.49993044938
3.49992852192
3.49992624664
3.49992392253
3.49992183263
3.49991943558
3.49991604962
3.49991305331
3.49991058964
3.49990801575
3.49990501214
3.49990227001
3.49989951394
3.4998959554
3.49989176599
3.49988845231
3.49988532617
3.49988173801
3.49987807221
3.49987466261
3.49987081543
3.49986566344
3.49986101013
3.4998570361
3.49985289252
3.49984818135
3.49984381361
3.4998393596
3.49983384839
3.49982746546
3.49982216976
3.49981713481
3.49981151233
3.49980573085
3.49980024409
3.49979416104
3.49978634533
3.49977909649
3.49977272955
3.49976617433
3.49975883151
3.49975182272
3.49974460764
3.49973598656
3.49972620895
3.49971781658
3.49970981699
3.49970109519
3.49969198521
3.49968314053
3.49967351503
3.49966163936
3.49965036176
3.49964016612
3.49962973942
3.49961822986
3.49960704128
3.49959554345
3.49958218796
3.49956723994
3.49955401387
3.49954117331
3.49952731917
3.49951298146
3.49949891022
3.49948383369
3.49946571395
3.49944816932
3.49943198973
3.49941548178
3.49939746312
3.49937970742
3.49936152104
3.4993407148
3.49931768654
3.49929680507
3.49927653952
3.49925480498
3.49923217313
3.4992096952
3.49918605027
3.49915830135
3.49913098982
3.49910545075
3.49907932626
3.49905097975
3.49902274056
3.49899399406
3.49896173633
3.49892656566
3.4988938577
3.4988616825
3.4988272484
3.49879151579
3.49875606212
3.49871895955
3.49867623867
3.49863383943
3.4985935263
3.4985522803
3.4985078072
3.4984633033
3.49841807446
3.49836781978
3.49831358983
3.49826251587
3.49821191459
3.49815788673
3.49810186679
3.4980459886
3.49798714545
3.49792075982
3.49785498647
3.4977916508
3.49772690807
3.49765749757
3.49758781918
3.49751697015
3.49743902302
3.49735573939
3.4972758899
3.49719595902
3.49711114142
3.49702384411
3.49693633736
3.49684384038
3.49674181159
3.49664063194
3.4965416064
3.49643912307
3.49633028511
3.49622197584
3.4961112762
3.49598986291
3.49586211021
3.49573875923
3.49561394629
3.49548076852
3.49534529694
3.49520915941
3.49506492657
3.49490756718
3.49475225736
3.49459801729
3.49443798206
3.49426987202
3.4941018548
3.49392883787
3.49374102053
3.49354633255
3.49335567271
3.49316083056
3.4929548381
3.49274619892
3.49253473522
3.49231218915
3.49207298324
3.49183588344
3.49159784223
3.49134992764
3.49109285488
3.49083476921
3.49056659917
3.49027755972
3.48998414406
3.48969204778
3.48939145542
3.48907687557
3.48875973002
3.48843471687
3.48809157127
3.48773085569
3.48737138831
3.48700631428
3.48662758289
3.48623966445
3.48584675665
3.48543823142
3.48500249588
3.48456236788
3.48412004695
3.48366327694
3.48319090658
3.48271265728
3.48222044852
3.48170175839
3.4811653967
3.48062737396
3.48007729683
3.47950869022
3.47892865977
3.47833911066
3.47772704689
3.47708249559
3.47643054842
3.47577003026
3.47508993098
3.47439177676
3.47368205283
3.47295013238
3.47218468047
3.47139977019
3.47060615913
3.46979434082
3.46896002933
3.46811057281
3.4672426733
3.46634375569
3.46540625016
3.46445923681
3.46349502399
3.4625048613
3.46149177392
3.46045940213
3.45939836724
3.45829590358
3.45716872706
3.45602901526
3.4548642236
3.45366639572
3.45244814416
3.45119918025
3.44990800919
3.44857723267
3.44723158365
3.44586393014
3.44446345051
3.44302998216
3.44157004721
3.44007307983
3.43852092747
3.43694363213
3.43534759885
3.4337149762
3.43204525506
3.43034604875
3.42860685804
3.42681172989
3.42497737024
3.42312076361
3.42123214935
3.41929909503
3.41733158917
3.41533072036
3.41327815887
3.41115883573
3.40901805964
3.40684960463
3.40463390828
3.4023741865
3.40007745342
3.39773245452
3.39531895695
3.39286192923
3.39038087459
3.38786098916
3.3852882283
3.38267676623
3.38001815815
3.37729007174
3.37449668957
3.3716817138
3.36883145767
3.36592421372
3.36297157985
3.35997630577
3.3569185938
3.35378003099
3.35060066837
3.34739457248
3.34414415445
3.34083725366
3.33748885991
3.33407832716
3.33058232723
3.32703456887
3.32345581138
3.31983433026
3.31615776806
3.31243706139
3.30866403529
3.30480957664
3.30088000942
3.29692330488
3.29292798087
3.28887666399
3.28476760154
3.28061429942
3.27639302841
3.27208692067
3.2677403125
3.26336176407
3.25893465035
3.25444396136
3.24990737734
3.24531368509
3.24064152408
3.23590629185
3.231142831
3.22633597199
3.22146905949
3.21654719001
3.21158184963
3.2065544353
3.2014433305
3.19630035263
3.1911257943
3.18589383045
3.18060131669
3.17526837256
3.16988400707
3.16442490882
3.15890675451
3.15337003667
3.14779267973
3.14215447625
3.13647337516
3.13074900256
3.12496140886
3.1190980727
3.11321142223
3.10729737225
3.10133414117
3.09532394173
3.08928026604
3.08318701092
3.07701894367
3.07080942888
3.06458417152
3.05832517536
3.0520166668
3.04567786783
3.03929985767
3.03285706154
3.02635582452
3.01984681832
3.01331724843
3.00674934548
3.0001482923
2.99351906836
2.98683979791
2.98009396075
2.97333231404
2.96656331909
2.95976690671
2.95293463433
2.94608588941
2.93920548839
2.93226863872
2.9252935031
2.91832105845
2.91133675607
2.90432240979
2.89728919086
2.89023892455
2.88315056847
2.87601090531
2.86887391921
2.86173930418
2.8545867932
2.84741291484
2.84023407445
2.83303292053
2.82578688703
2.81852541533
2.81127872926
2.8040295596
2.79676259957
2.78949406355
2.78221901607
2.77491607591
2.76758093755
2.76026470216
2.75296071905
2.74565021173
2.73833393256
2.73102491101
2.72370572321
2.71635497994
2.70900991183
2.70169166795
2.69438182321
2.68706663827
2.67976397532
2.67246601768
2.66515159029
2.65782496548
2.65053323516
2.64326516298
2.63600177038
2.62874773796
2.62151085255
2.61427345238
2.60701807049
2.59978860849
2.59259797585
2.58542838882
2.57826822805
2.57113369036
2.56401315946
2.55688532616
2.54976135281
2.54268367004
2.53564084728
2.52861591835
2.52161632598
2.51464592993
2.50768582088
2.50072034612
2.49379448814
2.48691514149
2.48006573382
2.47323838914
2.46644862833
2.45968381575
2.45292382677
2.44618383625
2.43949967152
2.43285851547
2.42624447327
2.41966689005
2.41312718058
2.40660733563
2.40009502918
2.39363435519
2.38722793041
2.38085986395
2.37452439458
2.3682350611
2.36197909361
2.35573775888
2.34952867588
2.34338263289
2.33728644585
2.33122513587
2.32520894958
2.31923750963
2.31329393181
2.3073687388
2.30150398268
2.29569968551
2.28994020532
2.28422054598
2.27855252024
2.2729237871
2.26731705457
2.26175183459
2.25625504343
2.25081351176
2.24541360661
2.24006503331
2.23476518415
2.2294983582
2.22425756712
2.21908140143
2.21396901242
2.20890644424
2.20388989743
2.19892884634
2.19401133161
2.18912158693
2.18427795324
2.17950364762
2.17478711798
2.17011655069
2.16550102733
2.16093768682
2.15641144064
2.1519157486
2.14748531106
2.14311871911
2.13880456035
2.1345399738
2.13033224992
2.12616981848
2.12203882503
2.11795583832
2.11394059736
2.10998369538
2.10607543103
2.10222291605
2.09842178361
2.09465901321
2.09092986481
2.08726472039
2.08366230602
2.08011201909
2.07661093318
2.07316530397
2.06976489915
2.06639740161
2.06307764709
2.05982359636
2.05662553795
2.05347400422
2.05037622281
2.04732906004
2.04431904968
2.0413422875
2.03842766548
2.03557345253
2.03276629891
2.03000500185
2.02729723304
2.02463457193
2.02200316216
2.01941452179
2.01688777346
2.0144148051
2.01198516756
2.0096030847
2.00726741498
2.00496933979
2.00270417761
2.00049186888
1.99833357101
1.99622097115
1.99415120062
1.99212881789
1.99014517861
1.98819249974
1.98628014088
1.9844202931
1.9826079826
1.98083532749
1.97910475047
1.97741615652
1.97576267007
1.97413619902
1.97255526505
1.97102240792
1.96952990918
1.96807402777
1.96665867152
1.96527781519
1.96392555208
1.96260756511
1.96133144356
1.9600950742
1.95889601035
1.95773311873
1.95660366411
1.95550075154
1.95442491766
1.95338794209
1.95238877571
1.9514203756
1.95048338406
1.94958302235
1.9487090598
1.94785638191
1.94703133747
1.94624347176
1.94548703825
1.94475611652
1.94405339314
1.94338006562
1.94273130755
1.94209844209
1.94149434254
1.94092021798
1.94037193882
1.93984732784
1.93934669337
1.93886672413
1.9384057807
1.93796301706
1.93754488191
1.93715061907
1.93677718671
1.93642099201
1.93608335977
1.93576400682
1.93545902697
1.93517015149
1.9348996057
1.93464750125
1.93440964458
1.93418626515
1.93397722283
1.93378026331
1.93359142947
1.93341767878
1.93325797165
1.93310766674
1.9329661244
1.93283661011
1.93271645061
1.93259879384
1.93248979646
1.93239111488
1.93229824125
1.93220717696
1.93212412057
1.93204578596
1.9319690438
1.9318926445
1.93182099249
1.93175162943
1.93168230785
1.93160963169
1.93154020159
1.9314674727
1.93139169674
1.93131146694
1.93122969549
1.93114327367
1.93105064108
1.93095235371
1.93084763481
1.93073491577
1.93061283186
1.93048093117
1.93034189123
1.93019315699
1.93003375437
1.92986001982
1.92967566624
1.9294767739
1.92926171074
1.92903106151
1.92878909048
1.9285330508
1.92825926534
1.92796664599
1.92765585657
1.92732417427
1.9269679166
1.92659588506
1.9262074838
1.92579944348
1.92536667199
1.92491110008
1.92442904897
1.92391659218
1.92337919783
1.92282470704
1.92224854478
1.92164480976
1.92101423151
1.92035330943
1.91965643646
1.91892174295
1.91816846996
1.91739567016
1.91659296362
1.91575500331
1.91488982017
1.91398656585
1.91303616146
1.91204817725
1.91104907288
1.91002423834
1.90896195044
1.90786347806
1.90673009124
1.90554799698
1.90431186655
1.90305650965
1.90178551045
1.90048139933
1.89913213772
1.89774998229
1.89632254128
1.89483512636
1.89329833018
1.89175950179
1.89019925912
1.88859374913
1.88694440088
1.88525936116
1.88351662749
1.88170311566
1.87987216802
1.87803831919
1.87617197753
1.87425103356
1.8722989415
1.87029985432
1.86822465588
1.86608707024
1.86396471341
1.86183029365
1.85964811127
1.85742017137
1.85515950049
1.85283111673
1.85041288986
1.84798478911
1.84557494002
1.84313521143
1.84063565739
1.83811042405
1.83553689143
1.83287341938
1.83013499294
1.82743630427
1.82473908462
1.82199400405
1.81920335091
1.81638758943
1.81349485957
1.81048758544
1.80748344084
1.80452634411
1.8015498446
1.79850895532
1.79544738559
1.79233906132
1.78912253232
1.78581483402
1.78258300695
1.77937541908
1.77611921293
1.77281539473
1.76949460467
1.76609074296
1.76254677271
1.75902033574
1.75557647911
1.75212238715
1.74859874413
1.74506857821
1.741489484
1.73777928712
1.73395945562
1.73026341624
1.72661825121
1.72291975924
1.71917320315
1.71542230655
1.71157393057
1.70755747351
1.70357683399
1.69972299958
1.69587077663
1.6919376764
1.68801119368
1.68404009835
1.67991204688
1.67565414774
1.67156916258
1.66756008906
1.66349623894
1.65938601847
1.65528654028
1.65107422326
1.64665396872
1.64229613831
1.63811277277
1.6339417968
1.62967904903
1.62543935161
1.62115283426
1.61667550157
1.61204965271
1.6076569724
1.60337039953
1.59902325755
1.59462812893
1.59025583237
1.58575318443
1.58099750588
1.57633619528
1.57190419111
1.56749671446
1.56298212637
1.55850371446
1.55397522913
1.54922193501
1.54429872484
1.53967493348
1.53518650409
1.53062502545
1.52601827142
1.52145059025
1.51672973503
1.51171214998
1.50682367624
1.50221293316
1.49763444612
1.49293552001
1.48829398187
1.48359822008
1.47863883791
1.47348642197
1.46870160428
1.464079626
1.45937471276
1.4546262925
1.44993057182
1.44505644862
1.43983219979
1.43478381616
1.43007119496
1.42539293917
1.42057398095
1.41583469407
1.41103376944
1.40592118076
1.40060694263
1.39573034997
1.39103728807
1.38624680849
1.3814223457
1.3766620157
1.37169659718
1.36633159023
1.36119043409
1.35642767104
1.3517001185
1.34682112492
1.34204434831
1.33719769497
1.33199280044
1.32658087805
1.32167536524
1.31697054796
1.31215003143
1.30730295226
1.30252868267
1.29751906145
1.29206570121
1.28689771979
1.28215258835
1.27743792558
1.2725516567
1.26778967167
1.26294201133
1.25768650034
1.25223575289
1.24736436741
1.24270312961
1.23790153244
1.23308492427
1.22834893348
1.22334440513
1.21785604757
1.21272299035
1.20804088428
1.20337835285
1.19853515681
1.19383931983
1.18904351175
1.18379239055
1.17836290444
1.17357015652
1.16899469922
1.16425752166
1.1595237907
1.15487227431
1.14992360551
1.14445404904
1.13940716861
1.1348367276
1.13027026284
1.12551730753
1.12093388369
1.11622975686
1.11102476152
1.10568560563
1.10101966163
1.09656748635
1.09193598937
1.08733602923
1.08281573001
1.07795840354
1.07256681475
1.06767435985
1.06325310012
1.05881480465
1.05419433873
1.04977015581
1.04520245675
1.04008832042
1.03490165585
1.0304184911
1.02613512673
1.02165015142
1.01722428883
1.01286566953
1.00814862251
1.00288605413
0.9981967143
0.993975717372
0.989708508784
0.985275507225
0.981048457323
0.976657582069
0.971692344906
0.966727731121
0.962469483992
0.958385505617
0.954080598902
0.949871501968
0.945721059779
0.941181428543
0.936125365297
0.931709778629
0.927734235645
0.923683923771
0.919488696014
0.915494862324
0.911306663033
0.906527650789
0.901844681079
0.89785792833
0.894023638722
0.889967091026
0.886043095278
0.882148430343
0.877828863485
0.873039683837
0.868940166309
0.865229722845
0.861424053812
0.857509979563
0.853807711962
0.849889473708
0.845363222576
0.841049833647
0.837391154455
0.833834247869
0.830045940233
0.826428122269
0.822827573573
0.818782651797
0.814336508777
0.810613887373
0.807231330777
0.80371609468
0.800144838483
0.796762826556
0.793137852622
0.78891960966
0.785028274997
0.781741008621
0.778509022492
0.775060916017
0.771807797609
0.768523916162
0.764782379891
0.760746842096
0.757431463374
0.754400694667
0.75121784152
0.748037823408
0.745018747682
0.74173175335
0.737886733414
0.734458589096
0.731556147976
0.728671417563
0.725593426993
0.722733667342
0.719809177043
0.71640595903
0.712858372772
0.710003618467
0.707354831231
0.704528519686
0.701755708776
0.699107101297
0.69618267164
0.692756756836
0.689809735684
0.687313871194
0.684796110969
0.682129603155
0.679679132036
0.677129970196
0.674104151816
0.671070503208
0.668648817367
0.666373631198
0.663922173521
0.661573119483
0.65931313386
0.656760123005
0.653784569099
0.651345254567
0.649255138978
0.647099122614
0.644840732859
0.642784314935
0.64060744017
0.637977833711
0.635439591403
0.633440387734
0.631542461885
0.629471847514
0.627534045778
0.625643543258
0.623454947811
0.620947170633
0.618963196187
0.617241737289
0.61543433682
0.61357431556
0.611889586361
0.610067622949
0.607826033609
0.60578098533
0.604173917141
0.60261322379
0.600900371682
0.599336921549
0.597787540216
0.595943556257
0.593876978362
0.592298094047
0.590915018299
0.589431572833
0.587938337321
0.58658477463
0.585088428368
0.583217125795
0.581592543289
0.580325878235
0.579069626496
0.577685352003
0.576452022799
0.575203985218
0.57367464353
0.572013684471
0.570789170342
0.569696501777
0.568496872717
0.567323497974
0.566253259288
0.565037475212
0.563508600657
0.56224070009
0.561252892779
0.560255888994
0.559161223479
0.558204126023
0.557216281243
0.555961539135
0.554657607185
0.553718644123
0.552869231508
0.551914904688
0.551009714619
0.550176990368
0.549203500405
0.547976320173
0.547015790774
0.546259522465
0.545474106956
0.544617966683
0.54388492541
0.543112685171
0.542101883733
0.541096168008
0.540384355083
0.53972864884
0.538977830884
0.538289196542
0.537650338522
0.53687540454
0.535902708125
0.535183051929
0.534609913541
0.533997828477
0.533342594067
0.532791060617
0.532189729479
0.531379612674
0.530623782775
0.530093818916
0.52959294925
0.529010600233
0.528494871609
0.528006997628
0.527390810195
0.526634804396
0.526102839894
0.52567517082
0.525200560782
0.524704706351
0.524289066262
0.523823403513
0.5231795278
0.522617715719
0.522229011164
0.521850341562
0.521403549074
0.521024819062
0.520655476833
0.520168612904
0.519593434276
0.519209391892
0.518889997122
0.518523150047
0.518157407843
0.517848457186
0.51748626163
0.516982571176
0.516572048028
0.516286090183
0.515997493734
0.51565905421
0.515379801987
0.515101966606
0.514721424747
0.514289709224
0.51401414832
0.513779785842
0.513499310797
0.513229952703
0.513002421255
0.512725843178
0.512335465536
0.512042157177
0.511835030311
0.511616184011
0.511362431559
0.511160286846
0.510951316683
0.510651999982
0.510337005299
0.510139319324
0.509964479702
0.509750602205
0.509556982345
0.509390330611
0.509177373662
0.508880533745
0.508673902657
0.508524685084
0.508359357565
0.508172908484
0.508028718331
0.507872408369
0.507639087011
0.507413560814
0.507273522539
0.507143825251
0.506982927319
0.506845352995
0.506722989136
0.506558191595
0.506337814768
0.506193479537
0.506085806303
0.505961665198
0.505828059745
0.505724760727
0.505606473791
0.505425871846
0.505267938828
0.505169578192
0.505074252556
0.504953963328
0.504857059676
0.50476692489
0.504639148238
0.504477186831
0.504378669416
0.504301998369
0.504208928773
0.504113148618
0.504039198946
0.503951749901
0.50381607025
0.503705848552
0.503637269825
0.503567360831
0.503479694398
0.503411720317
0.503346355254
0.503248859015
0.503132892953
0.503065799633
0.503010491148
0.502940415031
0.502874315848
0.502822131635
0.502755739048
0.502652207353
0.502579444162
0.502532415728
0.502480517124
0.502417693078
0.502371374979
0.502323243168
0.502246690719
0.502167763407
0.502122406047
0.502082122896
0.502029362804
0.501984587194
0.501947073578
0.501894863196
0.501820159746
0.501773428801
0.501740714203
0.50170160782
0.501658322594
0.501627017665
0.501590844988
0.50153128187
0.501479859924
0.501450267997
0.501421212101
0.501382921642
0.501353600769
0.501326742704
0.501285787141
0.50123316536
0.50120419747
0.501181264742
0.501151324182
0.501122581225
0.501100933018
0.501072963635
0.501027423843
0.500995907466
0.500976470367
0.500954459202
0.50092715266
0.500907968658
0.50088826486
0.50085521136
0.50082157926
0.500803441399
0.500787276469
0.500764910939
0.50074641342
0.50073115212
0.500708661583
0.500676303526
0.500657455988
0.500644378316
0.500627647201
0.500609873586
0.500597327989
0.500582202911
0.500556359146
0.500536513844
0.500525082939
0.500512809771
0.500496927236
0.500485638148
0.500474823493
0.500456495794
0.500435996705
0.500425305709
0.500416203725
0.500403456406
0.500392633073
0.500383877096
0.500371115421
0.50035230819
0.500341321833
0.500333940343
0.500324546521
0.500314328764
0.500307261375
0.500298751917
0.500283837947
0.500272581759
0.500266445355
0.50025972832
0.500250630843
0.500244200785
0.500238125094
0.50022749876
0.500215877457
0.500210193383
0.500205295579
0.500197938829
0.500191881678
0.500187291859
0.500180301271
0.500169783834
0.500163820008
0.500159790109
0.50015445502
0.50014907508
0.500145444842
0.500140653292
0.500132054637
0.500126267895
0.500122859714
0.500118945073
0.500114127579
0.500111099887
0.500107815838
0.500101505677
0.500095905998
0.500093038375
0.500090133078
0.500086036305
0.500083250392
0.500080833583
0.500076434977
0.500071223308
0.500068781418
0.500066663469
0.500063545136
0.500061167322
0.500059391993
0.500056363822
0.500051797996
0.500049576625
0.50004794656
0.500045597426
0.500043462618
0.500042099027
0.500040010537
0.50003631039
0.500034214061
0.500032993117
0.500031237634
0.50002936465
0.500028312434
0.500026909372
0.500023966956
0.500022053846
0.500021148489
0.500019886616
0.500018266214
0.500017445021
0.500016517383
0.500014331937
0.500012641855
0.500011976409
0.500011216035
0.500010040045
0.500009415996
0.50000881273
0.500007271592
0.500005854548
0.500005371857
0.500004880774
0.500004014825
0.500003561154
0.500003190749
0.50000210382
0.500000966464
0.500000667525
0.500000492539
0.500000177041
0.500000032914
0.500000006166
0.500000001166
0.500000000222
0.500000000042
0.500000000008
0.500000000002
0.5
0.5
0.5
0.5
0.5
0.5
0.5
0.5
0.5
0.5
0.5
0.5
0.5
0.5
0.5
0.5
0.5
0.5
0.5
0.5
0.5
0.5
0.5
0.5
0.5
0.5
0.5
0.5
0.5
0.5
0.5
0.5
0.5
0.5
0.5
0.5
0.5
0.5
0.5
0.5
0.5
0.5
0.5
0.5
0.5
0.5
0.5
0.5
0.5
0.5
0.5
0.5
0.5
0.5
0.5
0.5
0.5
0.5
0.5
0.5
0.5
0.5
0.5
0.5
0.5
0.5
0.5
0.5
0.5
0.5
0.5
0.5
0.5
0.5
0.5
0.5
0.5
0.5
0.5
0.5
0.5
0.5
0.5
0.5
0.5
0.5
0.5
0.5
0.5
0.5
0.5
0.5
0.5
0.5
0.5
0.5
0.5
0.5
0.5
0.5
0.5
0.5
0.5
0.5
0.5
0.5
0.5
0.5
0.5
0.5
0.5
0.5
0.5
0.5
0.5
0.5
0.5
0.5
0.5
0.5
0.5
0.5
0.5
0.5
0.5
0.5
0.5
0.5
0.5
0.5
0.5
0.5
0.5
0.5
0.5
0.5
0.5
0.5
0.5
0.5
0.5
0.5
0.5
0.5
0.5
0.5
0.5
0.5
0.5
0.5
0.5
0.5
0.5
0.5
0.5
0.5
0.5
0.5
0.5
0.5
0.5
0.5
0.5
0.5
0.5
0.5
0.5
0.5
0.5
0.5
0.5
0.5
0.5
0.5
0.5
0.5
0.5
0.5
0.5
0.5
0.5
0.5
0.5
0.5
0.5
0.5
0.5
0.5
0.5
0.5
0.5
0.5
0.5
0.5
0.5
0.5
0.5
0.5
0.5
0.5
0.5
0.5
0.5
0.5
0.5
0.5
0.5
0.5
0.5
0.5
0.5
0.5
0.5
0.5
0.5
0.5
0.5
0.5
0.5
0.5
0.5
0.5
0.5
0.5
0.5
0.5
0.5
0.5
0.5
0.5
0.5
0.5
0.5
0.5
0.5
0.5
0.5
0.5
0.5
0.5
0.5
0.5
0.5
0.5
0.5
0.5
0.5
0.5
