3.5
3.5
3.5
3.5
3.5
3.5
3.5
3.5
3.5
3.5
3.5
3.5
3.5
3.5
3.5
3.5
3.5
3.5
3.5
3.5
3.5
3.5
3.5
3.5
3.5
3.5
3.5
3.5
3.5
3.5
3.5
3.5
3.5
3.5
3.5
3.5
3.5
3.5
3.5
3.5
3.5
3.5
3.5
3.5
3.5
3.5
3.5
3.5
3.5
3.5
3.5
3.5
3.5
3.5
3.5
3.5
3.5
3.5
3.5
3.5
3.5
3.5
3.5
3.5
3.5
3.5
3.5
3.5
3.5
3.5
3.5
3.5
3.5
3.5
3.5
3.5
3.5
3.5
3.5
3.5
3.5
3.5
3.5
3.5
3.5
3.5
3.5
3.5
3.5
3.5
3.5
3.5
3.5
3.5
3.5
3.5
3.5
3.5
3.5
3.5
3.5
3.5
3.5
3.5
3.5
3.5
3.5
3.5
3.5
3.5
3.5
3.5
3.5
3.5
3.5
3.5
3.5
3.5
3.5
3.5
3.5
3.5
3.5
3.5
3.5
3.5
3.5
3.5
3.5
3.5
3.5
3.5
3.5
3.5
3.5
3.5
3.5
3.5
3.5
3.5
3.5
3.5
3.5
3.5
3.5
3.5
3.5
3.5
3.5
3.5
3.5
3.5
3.5
3.5
3.5
3.5
3.5
3.5
3.5
3.5
3.5
3.5
3.5
3.5
3.5
3.5
3.5
3.5
3.5
3.5
3.5
3.5
3.5
3.5
3.5
3.5
3.5
3.5
3.5
3.5
3.5
3.5
3.5
3.5
3.5
3.5
3.5
3.5
3.5
3.5
3.5
3.5
3.5
3.5
3.5
3.5
3.5
3.5
3.5
3.5
3.5
3.5
3.5
3.5
3.5
3.5
3.5
3.5
3.5
3.5
3.5
3.5
3.5
3.5
3.5
3.5
3.5
3.5
3.5
3.5
3.5
3.5
3.5
3.5
3.5
3.5
3.5
3.5
3.5
3.5
3.5
3.5
3.5
3.5
3.5
3.5
3.5
3.5
3.5
3.5
3.5
3.5
3.5
3.5
3.5
3.5
3.5
3.5
3.5
3.5
3.5
3.5
3.5
3.5
3.5
3.5
3.5
3.5
3.5
3.5
3.5
3.5
3.5
3.5
3.5
3.5
3.5
3.5
3.5
3.5
3.5
3.5
3.5
3.5
3.5
3.5
3.5
3.5
3.5
3.5
3.5
3.5
3.5
3.5
3.5
3.5
3.5
3.5
3.5
3.5
3.5
3.5
3.5
3.5
3.5
3.5
3.5
3.5
3.5
3.5
3.5
3.5
3.5
3.5
3.5
3.5
3.5
3.5
3.5
3.5
3.5
3.5
3.5
3.5
3.5
3.5
3.5
3.5
3.5
3.5
3.5
3.5
3.5
3.5
3.5
3.5
3.5
3.5
3.5
3.5
3.5
3.5
3.5
3.5
3.5
3.5
3.5
3.5
3.5
3.5
3.5
3.5
3.5
3.5
3.5
3.5
3.5
3.5
3.5
3.5
3.5
3.5
3.5
3.5
3.5
3.5
3.5
3.5
3.5
3.5
3.5
3.5
3.5
3.5
3.5
3.5
3.5
3.5
3.5
3.5
3.5
3.5
3.5
3.5
3.5
3.5
3.5
3.5
3.5
3.5
3.5
3.5
3.5
3.5
3.5
3.5
3.5
3.5
3.5
3.5
3.5
3.5
3.5
3.5
3.5
3.5
3.5
3.5
3.5
3.5
3.5
3.5
3.5
3.5
3.5
3.5
3.5
3.5
3.5
3.5
3.5
3.5
3.5
3.5
3.5
3.5
3.5
3.5
3.5
3.5
3.5
3.5
3.5
3.5
3.5
3.5
3.5
3.5
3.5
3.5
3.5
3.5
3.5
3.5
3.5
3.5
3.5
3.5
3.5
3.5
3.5
3.5
3.5
3.5
3.5
3.5
3.5
3.5
3.5
3.5
3.5
3.5
3.5
3.5
3.5
3.5
3.5
3.5
3.5
3.5
3.5
3.5
3.5
3.5
3.5
3.5
3.5
3.5
3.5
3.5
3.5
3.5
3.5
3.5
3.5
3.5
3.5
3.5
3.5
3.5
3.5
3.5
3.5
3.5
3.5
3.5
3.5
3.5
3.5
3.5
3.5
3.5
3.5
3.5
3.49999999999
3.49999999999
3.49999999999
3.49999999999
3.49999999999
3.49999999999
3.49999999999
3.49999999999
3.49999999999
3.49999999999
3.49999999998
3.49999999998
3.49999999998
3.49999999998
3.49999999997
3.49999999997
3.49999999997
3.49999999996
3.49999999996
3.49999999995
3.49999999995
3.49999999994
3.49999999993
3.49999999993
3.49999999992
3.49999999991
3.4999999999
3.49999999988
3.49999999987
3.49999999985
3.49999999984
3.49999999981
3.49999999979
3.49999999977
3.49999999974
3.49999999971
3.49999999967
3.49999999963
3.49999999958
3.49999999953
3.49999999947
3.4999999994
3.49999999933
3.49999999925
3.49999999915
3.49999999905
3.49999999893
3.49999999879
3.49999999864
3.49999999846
3.49999999827
3.49999999805
3.49999999781
3.49999999753
3.49999999721
3.49999999686
3.49999999645
3.499999996
3.4999999955
3.49999999492
3.49999999427
3.49999999354
3.4999999927
3.49999999175
3.49999999069
3.49999998949
3.49999998814
3.49999998661
3.49999998487
3.49999998291
3.49999998067
3.49999997813
3.49999997529
3.49999997207
3.49999996843
3.49999996429
3.49999995962
3.4999999543
3.49999994825
3.49999994139
3.49999993368
3.49999992495
3.49999991503
3.49999990378
3.49999989105
3.49999987656
3.49999986006
3.49999984134
3.49999982024
3.49999979633
3.49999976918
3.49999973841
3.49999970348
3.49999966365
3.49999961828
3.49999956693
3.49999950894
3.49999944317
3.49999936856
3.4999992838
3.49999918724
3.49999907741
3.49999895279
3.49999881184
3.49999865219
3.49999847092
3.49999826497
3.49999803114
3.49999776586
3.49999746446
3.49999712232
3.49999673491
3.49999629633
3.49999579909
3.49999523529
3.49999459644
3.49999387134
3.49999304794
3.49999211549
3.49999106185
3.49998987024
3.49998852225
3.49998699708
3.49998526938
3.49998331177
3.49998109842
3.49997860071
3.49997578435
3.49997260515
3.49996901576
3.49996496249
3.49996038552
3.49995522363
3.49994941415
3.49994288253
3.49993553151
3.49992725861
3.49991795278
3.49990749258
3.49989573892
3.49988255329
3.49986776859
3.4998512058
3.49983265682
3.49981189369
3.49978864968
3.49976264695
3.49973360506
3.49970120828
3.49966508696
3.49962483431
3.49958001422
3.49953012795
3.49947464336
3.49941300352
3.49934463407
3.49926883559
3.49918485216
3.49909188934
3.49898910456
3.49887552921
3.49875021195
3.4986120799
3.49845988863
3.49829241176
3.49810832755
3.49790617702
3.49768453371
3.49744176548
3.49717590571
3.49688523149
3.49656789303
3.49622172125
3.49584447113
3.49543374815
3.4949873006
3.49450303277
3.49397787889
3.49340862131
3.49279221648
3.49212615727
3.49140779788
3.49063405846
3.48980064737
3.48890375901
3.4879405021
3.48690737807
3.48580063946
3.48461646773
3.48335097835
3.48200048068
3.48056088279
3.47902737673
3.47739598963
3.475664193
3.4738284419
3.4718834268
3.46982422223
3.46764700575
3.4653490989
3.46292807888
3.4603790775
3.45769727877
3.45487954492
3.45192291077
3.4488241834
3.44558082344
3.44218948818
3.43864814468
3.43495359667
3.43110193671
3.42709194878
3.42292300278
3.4185934755
3.4141009747
3.40944337666
3.40461948291
3.39962944938
3.39447305569
3.38914925124
3.38365794412
3.37799880475
3.37217217233
3.3661791281
3.3600199772
3.35369541355
3.34720676913
3.34055549072
3.33374365717
3.32677200955
3.31964238736
3.3123575689
3.30491929025
3.29733040527
3.28959326731
3.28171070977
3.2736851124
3.26551929299
3.25721682695
3.24878089927
3.24021477204
3.23152141806
3.22270440513
3.21376712964
3.20471340296
3.19554679884
3.186270965
3.17688948629
3.16740616775
3.15782478141
3.14814908497
3.13838287207
3.12852994287
3.11859409789
3.10857912424
3.0984887889
3.08832685683
3.07809707965
3.06780317039
3.05744882652
3.04703770672
3.03657342554
3.02605956789
3.01549968859
3.00489729447
2.99425583058
2.98357868971
2.97286923631
2.96213076603
2.95136654184
2.94057975068
2.92977352127
2.91895094258
2.9081150184
2.89726873475
2.88641497549
2.8755566088
2.86469639445
2.85383707603
2.84298128764
2.83213166568
2.82129072239
2.81046096663
2.79964480296
2.78884460777
2.77806269211
2.76730128297
2.75656260396
2.74584875677
2.73516182313
2.72450383663
2.71387673361
2.70328246327
2.69272287068
2.68219974492
2.67171485477
2.66126990065
2.65086652121
2.64050633399
2.63019087886
2.61992166478
2.60970016502
2.59952777066
2.58940585932
2.57933576796
2.56931874712
2.559356055
2.54944889472
2.53959839971
2.52980568239
2.52007186408
2.51039794106
2.50078490502
2.49123379034
2.48174545014
2.47232080071
2.46296075162
2.45366606672
2.44443751406
2.43527602263
2.42618214308
2.41715658519
2.40820019932
2.39931354962
2.39049700684
2.38175150333
2.37307759932
2.36447551149
2.35594584347
2.34748943415
2.33910653205
2.33079726142
2.32256227123
2.31440235947
2.30631752124
2.29830767153
2.29037372868
2.28251629877
2.27473503839
2.267029945
2.2594020682
2.25185172356
2.24437836862
2.23698213468
2.22966407169
2.22242420841
2.21526197347
2.20817760584
2.20117197856
2.19424491508
2.18739605134
2.18062547221
2.17393378696
2.16732106909
2.16078685091
2.15433090877
2.14795397318
2.14165621025
2.13543688738
2.1292957312
2.12323352567
2.11725044893
2.11134554097
2.10551856481
2.09977034571
2.09410081383
2.08850915684
2.08299520265
2.07755925417
2.07220150054
2.06692151497
2.06171843176
2.0565924159
2.05154431997
2.04657343869
2.04167826236
2.03685955482
2.03211828344
2.02745300675
2.02286259238
2.01834794628
2.01390951931
2.00954611719
2.00525662297
2.0010417914
1.99690200108
1.99283587031
1.98884287255
1.984923117
1.98107661479
1.97730297777
1.97360102052
1.96997052491
1.96641206919
1.9629249936
1.95950759149
1.9561603688
1.95288361368
1.94967596907
1.94653637646
1.94346571099
1.94046281949
1.9375270122
1.93465788498
1.93185538599
1.92911787593
1.92644582114
1.9238383772
1.92129440383
1.91881347745
1.91639603749
1.91403963001
1.91174420228
1.90951031758
1.90733606603
1.90521948953
1.90316229102
1.90116377979
1.89922032897
1.89733210641
1.89550094831
1.8937245848
1.89199907004
1.89032658288
1.88870808424
1.88713941277
1.88561846597
1.88414829386
1.8827267733
1.88135112129
1.8800212475
1.87873747992
1.87749732768
1.87629974328
1.87514538632
1.87403239627
1.8729579598
1.87192243155
1.87092697262
1.86996848579
1.86904413868
1.86815513435
1.86730179858
1.86648092243
1.86569083173
1.8649327552
1.86420552232
1.86350589734
1.86283402947
1.8621909969
1.86157438555
1.8609812216
1.86041200503
1.85986855418
1.85934754599
1.85884636264
1.85836608531
1.85790770567
1.85746799056
1.85704529053
1.85664055294
1.8562541564
1.85588299759
1.85552669515
1.85518536905
1.85485761007
1.85454387209
1.85424329857
1.85395423086
1.85367493325
1.85340751966
1.85315167909
1.85290478102
1.85266536756
1.85243536225
1.85221419244
1.85200014968
1.85179213428
1.85159060937
1.85139650144
1.85120724484
1.85102260875
1.85084140162
1.85066572754
1.8504940906
1.8503253217
1.85015811268
1.84999346754
1.84983084928
1.84966957554
1.84950894093
1.84934885929
1.84918788407
1.84902619572
1.84886282007
1.8486977536
1.84853039368
1.84835985697
1.84818507475
1.84800630154
1.84782227738
1.84763213527
1.84743522422
1.84723072966
1.8470182694
1.84679702898
1.84656553439
1.8463223188
1.84606606307
1.84579694597
1.84551494709
1.84521655466
1.84489960083
1.84456425555
1.84420997633
1.84383562869
1.84343658971
1.84301246312
1.84256250023
1.84208543704
1.84157763241
1.84103735031
1.84046342201
1.83985365639
1.83920558505
1.83851756324
1.83778757047
1.83701145861
1.83618749334
1.83531606837
1.83439300648
1.83341510834
1.83237989013
1.83128720464
1.8301338089
1.82891593126
1.82763405869
1.82628427772
1.82486530168
1.82337530812
1.82181069277
1.82017435074
1.81846178038
1.8166721759
1.81480229271
1.81285272965
1.8108281856
1.80872151071
1.80653219495
1.80426380193
1.80191526991
1.79948706324
1.79698036129
1.7943958412
1.79173364168
1.78899266283
1.78618207124
1.78329714573
1.78034145798
1.77731603303
1.77422301157
1.77107415687
1.76785610652
1.76457609985
1.76124558531
1.75786041412
1.75442682649
1.75093885676
1.74740994935
1.74384382043
1.74023155172
1.73658842957
1.73290879366
1.72920490754
1.72547764226
1.72171012535
1.71793428648
1.71414610253
1.71033157298
1.70650939426
1.70266665686
1.69882807112
1.69499179141
1.69113284147
1.68727655327
1.68342840733
1.67958285444
1.6757436539
1.67189961247
1.66807072347
1.66426000721
1.66044833794
1.65665168251
1.65287535702
1.64910933003
1.64535945543
1.64162635035
1.63791766185
1.63423167415
1.63055341962
1.62689466644
1.62326897789
1.61966663537
1.61608701441
1.6125247004
1.60898612302
1.60547758741
1.60199192119
1.59853524661
1.59510256578
1.59169217594
1.58831028979
1.58496069685
1.5816339219
1.57833182909
1.57506086243
1.57181476113
1.56859647202
1.56540895527
1.56224545957
1.55910656806
1.55599988677
1.55292093919
1.54987010777
1.54684536125
1.54384496841
1.54087530827
1.53793027242
1.53501192183
1.53212023805
1.52925513363
1.52642484595
1.52362038428
1.52083454309
1.51807036187
1.5153324306
1.51262424717
1.50995020429
1.50730031644
1.50467010875
1.50206039329
1.49947363614
1.49691813336
1.49438380806
1.49187582561
1.48939584832
1.48693210979
1.48449129655
1.48207415439
1.47967835912
1.47730979151
1.47496130147
1.47263486499
1.47032962606
1.46804089971
1.46577666803
1.46353245331
1.46130912004
1.45911264166
1.456931925
1.45476419404
1.45261617249
1.45048625737
1.44837823729
1.4462958215
1.44423307969
1.44218045084
1.44013541663
1.43810706447
1.43610546377
1.43412463035
1.43216376552
1.4302122476
1.42826680119
1.42633344822
1.42441895423
1.42252848882
1.42065633499
1.41879484476
1.41693777883
1.4150854222
1.41325022847
1.41143975159
1.4096407566
1.40785017965
1.40607001427
1.40429175413
1.40252554508
1.40077675564
1.399038821
1.39731117636
1.3955885061
1.39387142008
1.39216342161
1.39046350771
1.38877350865
1.38709172361
1.38541289802
1.38374153142
1.38207628748
1.38041811917
1.37876277981
1.37710922343
1.37546209589
1.3738189213
1.37218073956
1.37054831982
1.36891412612
1.36727958658
1.36564789419
1.36401495789
1.36239028069
1.36076502003
1.359135951
1.35750500702
1.35587311792
1.35424073479
1.35260813132
1.35097291674
1.34933290258
1.34768923988
1.34604112321
1.34438927964
1.3427346127
1.34107423151
1.33940668887
1.33773339743
1.33604902329
1.33435847237
1.33266237018
1.33095986481
1.32924817801
1.3275253513
1.32578879297
1.32404200312
1.32228795561
1.32052210193
1.31874285431
1.31694984452
1.31514193611
1.31332216074
1.31148967654
1.3096405699
1.30777626837
1.30589236512
1.30399074069
1.30207446322
1.30014296793
1.29819224763
1.29621839841
1.29422415562
1.29221174074
1.29017537591
1.28811744652
1.2860375371
1.2839336859
1.28180744631
1.27965900735
1.27748394013
1.27528078796
1.27304834537
1.27078897948
1.26850303371
1.26618943048
1.26384721227
1.26147488775
1.25907192745
1.25663922834
1.25417516491
1.25167529946
1.24914078827
1.24657125983
1.24396538333
1.24132570733
1.23865074312
1.23594088
1.23319314394
1.23040734766
1.22758088684
1.22470965392
1.22179414805
1.21883771508
1.21584209773
1.21280610795
1.2097288323
1.2066073714
1.2034409119
1.20022411551
1.19695469016
1.19363362336
1.19026759732
1.18685918876
1.18340474845
1.17990190506
1.17634570033
1.17273664919
1.16906731173
1.16533853067
1.16155742679
1.15773014254
1.15385310749
1.14992474017
1.14593699469
1.14188921892
1.13777948297
1.13360353807
1.12936923114
1.12508463384
1.12074435305
1.11634978889
1.11189600588
1.10737907514
1.10279945491
1.09815163199
1.09343763048
1.08866446439
1.08383641749
1.07895152485
1.07401099442
1.06900687686
1.06393454539
1.0588001533
1.05360091977
1.04833976465
1.04302071288
1.03764872849
1.03222194242
1.02673603596
1.02118660893
1.01557526668
1.00989943319
1.0041700099
0.998393014136
0.992568995965
0.986692103622
0.980766644302
0.974793884431
0.968763860624
0.962671179204
0.956532133304
0.950362900962
0.944160759629
0.937916837322
0.931640549831
0.925333336435
0.918985204738
0.912587783914
0.906162358663
0.89972723118
0.893275354945
0.886799499573
0.88031309913
0.873820786122
0.867307956954
0.860769362824
0.854236313506
0.847716676171
0.841196854015
0.834684213853
0.828191896072
0.821711568905
0.815231480455
0.808772425824
0.802352143369
0.795960472709
0.78959873827
0.7832770497
0.776991799268
0.770744777485
0.764554709659
0.758417267031
0.752332741318
0.746309396123
0.740344940896
0.734447919755
0.728623959076
0.722868046415
0.717179509245
0.711574586911
0.706057651707
0.700615908671
0.695261878002
0.69000102521
0.684820925565
0.67972667333
0.674731032498
0.669833124913
0.665029386314
0.660326737798
0.655719744517
0.65119062921
0.646759552725
0.642441978307
0.638218102774
0.63408497455
0.630063240547
0.626142520536
0.62229993983
0.618560429335
0.614923009909
0.611377356758
0.607929258986
0.604577637083
0.601311727789
0.598116997707
0.595012708752
0.592017161014
0.589099368016
0.586260626072
0.583522633547
0.580865016034
0.578264775845
0.575738516266
0.573299623452
0.570935736599
0.568652208207
0.566437273296
0.56429102632
0.562202410715
0.560175689208
0.558218527891
0.556324296475
0.554488272345
0.552720708307
0.551009246718
0.549339589644
0.547727294416
0.546172099709
0.544662788108
0.543201945214
0.541794189597
0.540437415372
0.539115267161
0.537833993318
0.536605418761
0.535415169038
0.534258959967
0.533142529254
0.532066672873
0.531022145689
0.530007379627
0.529029970781
0.528086888854
0.527174557596
0.526291825483
0.525442189398
0.524621490282
0.523818914816
0.523050990226
0.522310211509
0.52158627019
0.520884156215
0.520210502167
0.519560167248
0.518925455799
0.518317235065
0.517730880694
0.517162897925
0.516611978905
0.516079546385
0.515564077215
0.515061708178
0.51457879058
0.514114756612
0.513663763252
0.51322487054
0.512803521912
0.512395985722
0.511998581936
0.511615803816
0.51124892069
0.510893729861
0.510549373928
0.510214836848
0.509888654495
0.509572341639
0.50926863688
0.508977596193
0.508694953482
0.508421099716
0.508156761119
0.507899753112
0.507646819323
0.507402032593
0.507169377039
0.506946277052
0.506728515521
0.506518056613
0.506314712691
0.506115669773
0.50592072879
0.505735008522
0.505556392924
0.505381867868
0.505214028032
0.505052791125
0.504894052256
0.504738260958
0.50458920622
0.504447307331
0.504308520189
0.504174364193
0.504045734313
0.503921072885
0.503796671128
0.503675846074
0.503561215198
0.503449507343
0.503341468043
0.503237950135
0.503137684183
0.50303871282
0.502943598622
0.502853169254
0.502765912906
0.502680282121
0.502596866601
0.502516818231
0.502437581571
0.502359079317
0.502284388127
0.502214076671
0.502145955163
0.502079435844
0.502015136995
0.501952957188
0.501891085099
0.501831803697
0.501775950965
0.501720620441
0.50166557749
0.501613920686
0.501564338192
0.501514447024
0.501466503396
0.501420964333
0.501377210869
0.501334930923
0.501294034018
0.501253663473
0.50121364249
0.501174726142
0.501137516
0.501101965404
0.501067565327
0.501034551478
0.501002921752
0.500971637014
0.500940650309
0.500910757956
0.50088237176
0.500854826907
0.500827964117
0.50080196407
0.500776291161
0.5007511038
0.500727058881
0.500703880124
0.500681792777
0.500660568509
0.500640135028
0.500620128055
0.500600165566
0.500581033467
0.500562286677
0.500544311784
0.500526833952
0.500509950443
0.500493710201
0.500478035833
0.500462474155
0.500447263277
0.50043302605
0.500419517315
0.50040633853
0.500393367654
0.500380701579
0.500367878555
0.500355467087
0.500343938958
0.500333125748
0.500322397532
0.5003120615
0.500302280283
0.500292155838
0.500282061388
0.500272745288
0.500263981302
0.500255264335
0.500246873002
0.500238984055
0.500230928455
0.500222976797
0.500215572075
0.500208670684
0.500201885989
0.500195208553
0.500188748713
0.500182274441
0.500175673662
0.50016953788
0.500163999023
0.500158682631
0.500153561197
0.500148626116
0.500143516057
0.500138219232
0.500133500546
0.500128912148
0.500124254017
0.500119893497
0.500115928631
0.500112012178
0.500107814573
0.500104094515
0.500100733622
0.500097249708
0.500093785677
0.500090578198
0.500087474933
0.500084206759
0.500081073341
0.50007821152
0.50007549025
0.50007276779
0.500070225323
0.500067798048
0.500065226773
0.500062741402
0.500060472112
0.500058351657
0.500056242758
0.500054218048
0.500052178239
0.50005009997
0.500048179689
0.500046482584
0.500044764305
0.500043098989
0.500041576643
0.500039968413
0.500038286257
0.500036741394
0.500035440009
0.500034161398
0.500032791642
0.500031508638
0.500030368512
0.500029167313
0.500027928209
0.500026823076
0.500025791127
0.500024734164
0.500023780983
0.500022869292
0.500021907319
0.500020924407
0.500020065651
0.500019254816
0.500018475388
0.500017771406
0.50001708469
0.500016292397
0.500015477005
0.500014837166
0.500014236804
0.500013633534
0.500013074636
0.500012557107
0.500012001085
0.500011376853
0.500010864801
0.500010384845
0.50000990577
0.500009469902
0.500009077301
0.500008647614
0.500008176692
0.500007773404
0.500007438993
0.500007086213
0.50000675602
0.500006460329
0.500006147221
0.500005790789
0.500005486372
0.500005224956
0.500004977566
0.500004714954
0.500004499429
0.500004287488
0.50000402606
0.500003807495
0.500003623023
0.500003419317
0.500003217189
0.500003061951
0.500002901677
0.500002692207
0.500002516227
0.500002375729
0.500002223864
0.500002081479
0.500001973174
0.500001859602
0.500001710313
0.50000158036
0.500001474618
0.500001376333
0.500001272876
0.50000119819
0.500001126728
0.500001018401
0.500000925951
0.500000869785
0.500000813405
0.500000744025
0.500000689209
0.500000639773
0.500000562368
0.500000498031
0.500000459593
0.500000421266
0.500000373939
0.500000339157
0.50000030393
0.500000245917
0.500000202837
0.500000181224
0.500000157744
0.500000127436
0.500000111712
0.500000094746
0.500000054062
0.500000027271
0.500000019782
0.500000012957
0.500000003435
0.500000000717
0.500000000147
0.50000000003
0.500000000006
0.500000000001
0.5
0.5
0.5
0.5
0.5
0.5
0.5
0.5
0.5
0.5
0.5
0.5
0.5
0.5
0.5
0.5
0.5
0.5
0.5
0.5
0.5
0.5
0.5
0.5
0.5
0.5
0.5
0.5
0.5
0.5
0.5
0.5
0.5
0.5
0.5
0.5
0.5
0.5
0.5
0.5
0.5
0.5
0.5
0.5
0.5
0.5
0.5
0.5
0.5
0.5
0.5
0.5
0.5
0.5
0.5
0.5
0.5
0.5
0.5
0.5
0.5
0.5
0.5
0.5
0.5
0.5
0.5
0.5
0.5
0.5
0.5
0.5
0.5
0.5
0.5
0.5
0.5
0.5
0.5
0.5
0.5
0.5
0.5
0.5
0.5
0.5
0.5
0.5
0.5
0.5
0.5
0.5
0.5
0.5
0.5
0.5
0.5
0.5
0.5
0.5
0.5
0.5
0.5
0.5
0.5
0.5
0.5
0.5
0.5
0.5
0.5
0.5
0.5
0.5
0.5
0.5
0.5
0.5
0.5
0.5
0.5
0.5
0.5
0.5
0.5
0.5
0.5
0.5
0.5
0.5
0.5
0.5
0.5
0.5
0.5
0.5
0.5
0.5
0.5
0.5
0.5
0.5
0.5
0.5
0.5
0.5
0.5
0.5
0.5
0.5
0.5
0.5
0.5
0.5
0.5
0.5
0.5
0.5
0.5
0.5
0.5
0.5
0.5
0.5
0.5
0.5
0.5
0.5
0.5
0.5
0.5
0.5
0.5
0.5
0.5
0.5
0.5
0.5
0.5
0.5
0.5
0.5
0.5
0.5
0.5
0.5
0.5
0.5
0.5
0.5
0.5
0.5
0.5
0.5
0.5
0.5
0.5
0.5
0.5
0.5
0.5
0.5
0.5
0.5
0.5
0.5
0.5
0.5
0.5
0.5
0.5
0.5
0.5
0.5
0.5
0.5
0.5
0.5
0.5
0.5
0.5
0.5
0.5
0.5
0.5
0.5
0.5
0.5
0.5
0.5
0.5
0.5
0.5
0.5
0.5
0.5
0.5
0.5
0.5
0.5
0.5
0.5
0.5
0.5
0.5
0.5
0.5
0.5
0.5
0.5
0.5
0.5
0.5
0.5
0.5
0.5
0.5
0.5
0.5
0.5
0.5
0.5
0.5
