2.591982652e-15
1.939725778e-15
1.97458287785e-15
1.45416583506e-15
1.44189402172e-15
1.55985521808e-15
1.56679411199e-15
1.57373300589e-15
1.56679411199e-15
1.57373300589e-15
1.56679411199e-15
1.68475530835e-15
1.67781641445e-15
1.68475530835e-15
1.67787062456e-15
1.68480951846e-15
1.67787062456e-15
1.68480951846e-15
1.78889292702e-15
1.79583182092e-15
1.78889292702e-15
1.79583182092e-15
1.78889292702e-15
1.79583182092e-15
1.78889292702e-15
1.79583182092e-15
1.78889292702e-15
1.79583182092e-15
1.78889292702e-15
1.79583182092e-15
1.78889292702e-15
1.79583182092e-15
1.78889292702e-15
1.79583182092e-15
1.78889292702e-15
1.79583182092e-15
1.78889292702e-15
1.79583182092e-15
1.78889292702e-15
1.79583182092e-15
1.78889292702e-15
1.79583182092e-15
1.78889292702e-15
1.79583182092e-15
1.78889292702e-15
1.79583182092e-15
1.78889292702e-15
1.79583182092e-15
1.78889292702e-15
1.79583182092e-15
1.78889292702e-15
1.79583182092e-15
1.78889292702e-15
1.79583182092e-15
1.78889292702e-15
1.79583182092e-15
1.78889292702e-15
1.79583182092e-15
1.78889292702e-15
1.79583182092e-15
1.78889292702e-15
1.79583182092e-15
1.78889292702e-15
1.79583182092e-15
1.78889292702e-15
1.79583182092e-15
1.78889292702e-15
1.79583182092e-15
1.78889292702e-15
1.79583182092e-15
1.78889292702e-15
1.79583182092e-15
1.78889292702e-15
1.79583182092e-15
1.78889292702e-15
1.79583182092e-15
1.78889292702e-15
1.79583182092e-15
1.78889292702e-15
1.79583182092e-15
1.78889292702e-15
1.79583182092e-15
1.78889292702e-15
1.79583182092e-15
1.78889292702e-15
1.79583182092e-15
1.78889292702e-15
1.79583182092e-15
1.78889292702e-15
1.79583182092e-15
1.78889292702e-15
1.79583182092e-15
1.78889292702e-15
1.79583182092e-15
1.78889292702e-15
1.79583182092e-15
1.78889292702e-15
1.79583182092e-15
1.78889292702e-15
1.79583182092e-15
1.78889292702e-15
1.79583182092e-15
1.78889292702e-15
1.79583182092e-15
1.78889292702e-15
1.79583182092e-15
1.78889292702e-15
1.79583182092e-15
1.78889292702e-15
1.79583182092e-15
1.78889292702e-15
1.79583182092e-15
1.78889292702e-15
1.79583182092e-15
1.78889292702e-15
1.79583182092e-15
1.78889292702e-15
1.79583182092e-15
1.78889292702e-15
1.79583182092e-15
1.78889292702e-15
1.79583182092e-15
1.78889292702e-15
1.79583182092e-15
1.78889292702e-15
1.79583182092e-15
1.78889292702e-15
1.79583182092e-15
1.78889292702e-15
1.79583182092e-15
1.78889292702e-15
1.79583182092e-15
1.78889292702e-15
1.82358739654e-15
1.81664850264e-15
1.82364160665e-15
1.81675692285e-15
1.82369581676e-15
1.81675692285e-15
1.82369581676e-15
1.81675692285e-15
1.82369581676e-15
1.81675692285e-15
1.82369581676e-15
1.81675692285e-15
1.82369581676e-15
1.81675692285e-15
1.82369581676e-15
1.81675692285e-15
1.82369581676e-15
1.81675692285e-15
1.82369581676e-15
1.81675692285e-15
1.82369581676e-15
1.81675692285e-15
1.82369581676e-15
1.81675692285e-15
1.82369581676e-15
1.81675692285e-15
1.82369581676e-15
1.81675692285e-15
1.82369581676e-15
1.81675692285e-15
1.82369581676e-15
1.81675692285e-15
1.82369581676e-15
1.81675692285e-15
1.82369581676e-15
1.81675692285e-15
1.82369581676e-15
1.81675692285e-15
1.82369581676e-15
1.81675692285e-15
1.82369581676e-15
1.81675692285e-15
1.82369581676e-15
1.81675692285e-15
1.82369581676e-15
1.81675692285e-15
1.82369581676e-15
1.81675692285e-15
1.82369581676e-15
1.81675692285e-15
1.82369581676e-15
1.81675692285e-15
1.82369581676e-15
1.81675692285e-15
1.82369581676e-15
1.81675692285e-15
1.82369581676e-15
1.81675692285e-15
1.82369581676e-15
1.81675692285e-15
1.82369581676e-15
1.81675692285e-15
1.82369581676e-15
1.81675692285e-15
1.82369581676e-15
1.81675692285e-15
1.82369581676e-15
1.81675692285e-15
1.82369581676e-15
1.81675692285e-15
1.82369581676e-15
1.81675692285e-15
1.82369581676e-15
1.81675692285e-15
1.82369581676e-15
1.81675692285e-15
1.82369581676e-15
1.81675692285e-15
1.82369581676e-15
1.81675692285e-15
1.82369581676e-15
1.81675692285e-15
1.82369581676e-15
1.81675692285e-15
1.82369581676e-15
1.81675692285e-15
1.82369581676e-15
1.81675692285e-15
1.82369581676e-15
1.81675692285e-15
1.82369581676e-15
1.81675692285e-15
1.82369581676e-15
1.81675692285e-15
1.82369581676e-15
1.81675692285e-15
1.82369581676e-15
1.81675692285e-15
1.82369581676e-15
1.81675692285e-15
1.82369581676e-15
1.81675692285e-15
1.82369581676e-15
1.81675692285e-15
1.82369581676e-15
1.81675692285e-15
1.82369581676e-15
1.81675692285e-15
1.82369581676e-15
3.59311376225e-15
1.26327577956e-14
6.61060426234e-14
3.51186696335e-13
1.89972828508e-12
1.02909936855e-11
5.55065826481e-11
2.98773268029e-10
1.6166714589e-09
8.86209741773e-09
3.85348692599e-08
6.19530981193e-08
7.65675610786e-08
1.2912034981e-07
2.73957820144e-07
3.45844874825e-07
3.71104352488e-07
4.2128292602e-07
5.05728085229e-07
5.42607507006e-07
5.82669757763e-07
7.19842763649e-07
8.78622706095e-07
9.31150512149e-07
9.73658611786e-07
1.07844326814e-06
1.15905414133e-06
1.20324310272e-06
1.30169350125e-06
1.53428591256e-06
1.65808147272e-06
1.71304686798e-06
1.80456637451e-06
1.94690703062e-06
2.01895407956e-06
2.09625565268e-06
2.31722843366e-06
2.57221481679e-06
2.67077567904e-06
2.75261781679e-06
2.92567862338e-06
3.06590899685e-06
3.15188346411e-06
3.31849636457e-06
3.68678981198e-06
3.89654739933e-06
4.00150281445e-06
4.1585023555e-06
4.39231419722e-06
4.5236608536e-06
4.66227285618e-06
5.01362148565e-06
5.42259673785e-06
5.59880045353e-06
5.74684883495e-06
6.02964011513e-06
6.27104367708e-06
6.42839376381e-06
6.69824919942e-06
7.26811221337e-06
7.61844784493e-06
7.81155922417e-06
8.07070954994e-06
8.44566183243e-06
8.67570306935e-06
8.91200910962e-06
9.44610731048e-06
1.00914395099e-05
1.03977487202e-05
1.06600465187e-05
1.11030834867e-05
1.14988871669e-05
1.17721904075e-05
1.21945843364e-05
1.30656072682e-05
1.36395083925e-05
1.39720454269e-05
1.4393256443e-05
1.49937120146e-05
1.53924127407e-05
1.57905023669e-05
1.66017977715e-05
1.75997760348e-05
1.8111069225e-05
1.85434997385e-05
1.92405954767e-05
1.98821889616e-05
2.03461437653e-05
2.10166032397e-05
2.23219789948e-05
2.3225265234e-05
2.37733009545e-05
2.4442047874e-05
2.53628979895e-05
2.60026447513e-05
2.66551177899e-05
2.79102628774e-05
2.94360122948e-05
3.02745749262e-05
3.09847410575e-05
3.20382219335e-05
3.30335309084e-05
3.37880966347e-05
3.4851918947e-05
3.68078614288e-05
3.82155202161e-05
3.91251601252e-05
4.01833466963e-05
4.15990806698e-05
4.26523450537e-05
4.37292935337e-05
4.55880747211e-05
4.78486581437e-05
4.91714796798e-05
5.03128742697e-05
5.19476967982e-05
5.35030680154e-05
5.47343151481e-05
5.63872519605e-05
5.92582659024e-05
6.13945606697e-05
6.28506225266e-05
6.45167066207e-05
6.66738303792e-05
6.83578317552e-05
7.0049176504e-05
7.28062026421e-05
7.6166314752e-05
7.82760133012e-05
8.01066551985e-05
8.25357912967e-05
8.49215146592e-05
8.69059406675e-05
8.94281377903e-05
9.36252379526e-05
9.69152366773e-05
9.92776805343e-05
0.000101840290666
0.000105086687832
0.000107752248521
0.000110434571194
0.000114517609863
0.000119505212911
0.000122823394196
0.000125699266737
0.000129374748075
0.000133064672496
0.000136180815469
0.000139999236727
0.000146090958643
0.000151040189604
0.000154706138638
0.000158680093603
0.000163616976221
0.000167749289132
0.000171855847206
0.000177836179672
0.000185136186536
0.00019028120283
0.000194818939245
0.000200421206695
0.000206114663976
0.000210972370077
0.000216755213256
0.000225646169292
0.000233186759504
0.000238915770532
0.000244911009416
0.000252199649556
0.000258577974193
0.000264912842196
0.000273694408565
0.000284355367753
0.000292127272718
0.000299217523564
0.000307654784446
0.000316224651984
0.000323894778417
0.00033281610808
0.000345658142355
0.000356794892067
0.000365686261721
0.000374975373005
0.000385865585077
0.000395568198135
0.000405416905318
0.000418332545847
0.000433718096883
0.000445653885522
0.000456648467116
0.000469227417963
0.00048210733108
0.000493955877258
0.000507417713346
0.000525835388338
0.000542338756798
0.000556020314786
0.000570040386397
0.00058617662861
0.000601154813068
0.000616562631632
0.000635835838443
0.000658183525824
0.000676249162228
0.000692904841503
0.000711372973989
0.000730744079379
0.000749152731729
0.000769514603211
0.000795945424348
0.000820349362599
0.000841389376099
0.000862742719421
0.000886828097005
0.000909768748119
0.000933290302309
0.000961610888872
0.000993945613903
0.00102107942568
0.00104678800783
0.00107486225992
0.00110386993989
0.00113182588637
0.00116212086116
0.00120021691242
0.00123626443006
0.00126817099051
0.00130044683015
0.00133631258243
0.001371059464
0.00140649712566
0.0014484136693
0.00149566172752
0.00153656799713
0.0015751231668
0.00161692697289
0.0016606171465
0.00170341897476
0.00174853109299
0.00180365303937
0.00185697016262
0.00190489613715
0.00195354689669
0.0020073341566
0.0020602339065
0.00211353290286
0.00217487864863
0.00224282077887
0.00230366934059
0.00236218680518
0.00242550834702
0.00249130107649
0.00255530970526
0.0026223245846
0.00270243964379
0.00278078803879
0.00285282675214
0.00292601954628
0.00300609210188
0.00308532891176
0.00316498411296
0.00325546180669
0.00335439067118
0.00344431528012
0.0035315971355
0.00362575731509
0.00372358471341
0.0038195880124
0.00392102541982
0.00403881622282
0.00415361102263
0.00426092943868
0.00436975529659
0.00448793723274
0.00460518707567
0.00472300345965
0.00485530285398
0.00499828767088
0.00513145340908
0.00526265666921
0.00540296887884
0.005546972986
0.00568912593501
0.0058400996277
0.00601012519385
0.00617607809759
0.00633451643333
0.00649828902209
0.00667410245494
0.00684585090735
0.00701985183758
0.00721470333191
0.00742053421361
0.00761341635606
0.00780665584976
0.00801548699326
0.0082260089743
0.00843408898342
0.00865623328236
0.0089029570763
0.00914167289983
0.00937441501736
0.00961571950483
0.00987061064025
0.0101215304523
0.0103784472242
0.0106614846033
0.010954557908
0.0112349690644
0.0115194728805
0.0118228262184
0.0121268029887
0.0124311651386
0.0127528645662
0.0131028347488
0.013443264221
0.0137805886446
0.0141327021098
0.0144970536022
0.0148571920845
0.0152313467777
0.0156398697981
0.0160503716177
0.0164521830105
0.0168642944783
0.0172968775098
0.0177267532537
0.0181646512019
0.0186300670212
0.0191207208922
0.019601275233
0.020085406715
0.0205878692264
0.0210984540878
0.0216101166545
0.0221418391111
0.0227137875517
0.0232846949948
0.0238511189
0.0244351326324
0.0250373696894
0.0256402543692
0.0262582356166
0.026912429815
0.0275864025045
0.0282528756437
0.0289304068116
0.0296289559404
0.0303354506814
0.0310473038348
0.0317858760366
0.0325662188206
0.0333470927244
0.0341311317302
0.0349347301961
0.035754534053
0.0365801000734
0.037429341275
0.0383182301759
0.0392247933609
0.0401320277599
0.0410544192938
0.0419965647735
0.0429467458629
0.043911378956
0.0449085340406
0.0459484007662
0.046988144255
0.0480395564635
0.0491131309882
0.0502033212913
0.0513047875713
0.0524312593982
0.0535998745372
0.0547876165075
0.0559770702873
0.0571836490604
0.0584186759989
0.059663914015
0.060933001977
0.0622401946908
0.0635816318601
0.0649249973708
0.066278804215
0.067655722149
0.0690565474544
0.0704723802471
0.0719148918726
0.0734079924999
0.0749127646083
0.076419047804
0.0779491615317
0.0795037629101
0.0810735641144
0.0826694048985
0.0843098052418
0.0859756172464
0.0876441810533
0.0893273178577
0.0910398845488
0.092768741813
0.094511189278
0.0962876612381
0.0981167538302
0.0999443369273
0.101776121618
0.103635590448
0.105518658628
0.107415210604
0.109336756766
0.111306420392
0.113295791056
0.115281674779
0.117280453867
0.11930770886
0.121346480503
0.123403418158
0.125502423104
0.127639345229
0.129766930323
0.131898610662
0.134057707662
0.136232732149
0.138416266594
0.140629224592
0.142889003098
0.14515443509
0.147411685484
0.149679438461
0.151966905726
0.15425825423
0.156573959859
0.158934271975
0.161307131267
0.163673026089
0.166042559603
0.168425795248
0.170812987503
0.173209731882
0.175639497573
0.178096230958
0.180539463493
0.182980221941
0.185432342512
0.187896488627
0.19035989997
0.192840382089
0.195350397143
0.197852040323
0.200340526183
0.202830352992
0.205332204463
0.207832976823
0.210340332939
0.212863896412
0.21539467999
0.217908731894
0.220415966136
0.222926337789
0.22543899369
0.227943374993
0.23045137652
0.232974861453
0.235477663132
0.23796535476
0.240454607763
0.24294623342
0.245425012475
0.247896748318
0.25037346308
0.252846467887
0.255289303031
0.257717583786
0.260145197554
0.262561323999
0.264964113916
0.267362554744
0.269764961478
0.27214321121
0.274496948104
0.276837792616
0.279164000083
0.281468537213
0.283757880237
0.286046175979
0.288318414589
0.290560925112
0.292780273514
0.294986496845
0.297169622163
0.299332671889
0.301488958624
0.30363163123
0.305738612838
0.307815817293
0.309867493644
0.311894410928
0.313898623251
0.315889710785
0.317868735745
0.319815166517
0.321727377689
0.323614720157
0.325476510292
0.327303907347
0.329104262473
0.330887006988
0.332648067786
0.334373416816
0.336063948893
0.337725615013
0.339358942874
0.340961679492
0.342537942529
0.344092758136
0.345610073232
0.347089638359
0.348538388182
0.349956154183
0.351337561009
0.352689200308
0.354015550567
0.355309092048
0.356566087971
0.357788701902
0.358976922713
0.360128989093
0.361246744552
0.362332319729
0.363386847082
0.364403996942
0.365384730883
0.36633107887
0.367244085187
0.36811888805
0.368956728527
0.369761759488
0.370531155311
0.371262627113
0.371958996647
0.372621155628
0.373247158152
0.373835776076
0.374386946192
0.374900248387
0.375373789185
0.375810319705
0.376212477654
0.376580621561
0.376914781722
0.377212962018
0.377472671868
0.377693207453
0.377873905466
0.378015023932
0.378118202787
0.378185918953
0.378218715602
0.378216092011
0.378177970035
0.378104901911
0.377994068857
0.377843481777
0.377654195403
0.377427189976
0.377161519919
0.376856258269
0.376517961695
0.376146970963
0.375740279279
0.375295997465
0.37481606929
0.374298082881
0.373738348026
0.373140322978
0.372510824832
0.371847331407
0.371146487935
0.370410438612
0.369639182648
0.368828250522
0.367974926132
0.36709109418
0.366177207663
0.365228258667
0.364242448807
0.363223011259
0.362165292833
0.361063689321
0.359925073863
0.358759879974
0.357564651144
0.356333764094
0.355070589098
0.353773585491
0.352435131278
0.351051497187
0.349639236132
0.348199316478
0.346726885283
0.34522089221
0.343686333873
0.342115415584
0.340498857421
0.338845898515
0.33716875368
0.335462717438
0.333720909017
0.33194915524
0.330147441687
0.328305189347
0.326417106539
0.324506322758
0.322571463956
0.320604202119
0.318602756
0.31657472244
0.31451009178
0.312397910258
0.310253344722
0.308091854324
0.305905166513
0.303683046756
0.301431759028
0.299148704214
0.296823597717
0.294453188596
0.292066562369
0.28966177253
0.287225503087
0.284754617579
0.282257472649
0.279724229848
0.277142941559
0.274531370114
0.271908871077
0.269262642593
0.266580526385
0.263870597039
0.261132075738
0.25835173393
0.255523135807
0.252681751618
0.249824451775
0.246938540818
0.244020592398
0.241080017032
0.238103233034
0.235073323314
0.232011658614
0.22894487136
0.225858197405
0.222736395649
0.219590400666
0.216418999716
0.213202982058
0.209932090958
0.206650516879
0.203357873912
0.20004099407
0.196694739625
0.193328519594
0.189922743753
0.186458943958
0.182964959662
0.179470724208
0.175957764129
0.1724091781
0.168842418394
0.165254121136
0.16161554948
0.157910496334
0.154202008098
0.150493950936
0.14676121202
0.142992514181
0.139206999193
0.135389393319
0.13150724865
0.127584104662
0.123668696091
0.119743902444
0.115785613266
0.111806771788
0.107803590213
0.103747395479
0.0996223763621
0.0954968416127
0.0913741566601
0.0872313551827
0.0830547055785
0.0788616855894
0.0746321064218
0.0703326190449
0.0659903697086
0.0616621458007
0.0573276207143
0.0529602377392
0.0485752560843
0.0441677018728
0.0397037534209
0.0351573910579
0.0306141970631
0.0260829147319
0.0215321194006
0.016948831366
0.0123574857817
0.00772973668434
0.00301430612454
-0.00175830296662
-0.00649797558561
-0.0112305777943
-0.0159978808624
-0.0207890734254
-0.0255911360427
-0.0304560075417
-0.0354241610363
-0.0403930394962
-0.0453268890424
-0.0502673348753
-0.0552500517504
-0.0602362418531
-0.0652570328596
-0.0703746115115
-0.075572613505
-0.0807253555205
-0.0858514893869
-0.091004835929
-0.0961796256805
-0.101359263123
-0.106607665004
-0.111994753964
-0.117386499978
-0.122711968488
-0.128024621953
-0.133380037374
-0.138726409251
-0.144101640868
-0.149603012261
-0.15523952505
-0.160794804172
-0.166277086956
-0.171772515397
-0.17729330808
-0.182789545806
-0.188362328274
-0.194160708936
-0.200007057299
-0.205691489063
-0.21129987816
-0.216970016984
-0.222590638328
-0.228165679823
-0.23395010606
-0.240207567287
-0.246247134065
-0.25185232184
-0.257189151423
-0.264008421789
-0.269375267996
-0.2750132344
-0.281111376668
-0.287527254193
-0.293513364722
-0.299262979164
-0.305067786807
-0.310985716327
-0.316859496584
-0.322820783568
-0.328989851263
-0.335231135659
-0.341220246187
-0.347111658889
-0.353051140591
-0.359022883065
-0.364985283845
-0.371044744691
-0.377262152334
-0.38340969872
-0.389383720607
-0.39531713908
-0.401300452061
-0.407267827638
-0.413252623448
-0.419339062728
-0.425519143102
-0.431544541486
-0.437457478882
-0.443365428941
-0.449299232464
-0.455198169384
-0.461136305539
-0.467176800107
-0.473201972673
-0.479062051899
-0.484853438315
-0.490658570701
-0.496442560853
-0.502204880793
-0.508019691639
-0.513910248541
-0.519676829986
-0.52531200337
-0.530908244926
-0.536508917329
-0.54205596183
-0.547602047587
-0.553207989934
-0.558807507974
-0.564237212937
-0.569572605387
-0.57488943406
-0.580169273396
-0.58539752695
-0.590639540661
-0.595928076999
-0.601098613361
-0.606119199433
-0.611071913123
-0.616002814671
-0.620860068503
-0.625682946135
-0.63052626582
-0.635349965382
-0.639996902075
-0.644527880442
-0.649010724603
-0.653436057361
-0.657782901852
-0.662106478039
-0.666440599468
-0.670654362049
-0.674706981229
-0.678667114476
-0.682576123152
-0.686391772018
-0.690141419762
-0.693870973907
-0.697558769262
-0.70107260686
-0.704455119683
-0.707760891104
-0.710986007069
-0.714110862347
-0.717176214279
-0.720210427253
-0.72312253901
-0.725875140643
-0.728517672405
-0.731079565442
-0.733532273657
-0.735891725013
-0.738188863774
-0.740413028666
-0.742479451997
-0.744413431038
-0.746246740706
-0.747977997759
-0.749594808429
-0.751118782431
-0.752563335998
-0.753885880104
-0.755069813066
-0.756135719102
-0.757093559247
-0.75793387412
-0.75866129108
-0.759282444508
-0.759793157112
-0.760182690656
-0.760453854128
-0.760605573918
-0.760637633739
-0.760552445592
-0.760343071753
-0.759996229285
-0.75953946106
-0.758988846839
-0.758322920415
-0.757524691764
-0.756613820884
-0.755576575167
-0.754380464789
-0.753032045667
-0.751627405679
-0.750137195692
-0.748514884166
-0.74676233901
-0.74490447985
-0.742887707678
-0.740663179054
-0.738357758388
-0.736031370027
-0.733606775647
-0.731025431983
-0.728348604347
-0.725539168265
-0.722510339363
-0.71928220515
-0.716097082745
-0.712880439571
-0.709523425679
-0.706032429353
-0.702458948692
-0.698689136123
-0.694629479835
-0.690537965947
-0.686529468803
-0.682447530396
-0.67818688955
-0.673864044988
-0.669405548306
-0.664659161318
-0.659666664789
-0.654848066536
-0.650067964763
-0.645140249873
-0.640081507728
-0.634976035045
-0.629638119333
-0.62391817151
-0.618236374318
-0.612763531404
-0.607250773252
-0.601536909322
-0.595805353099
-0.58994257376
-0.583717982753
-0.577198443822
-0.571010318464
-0.564944010275
-0.558725707222
-0.552387543594
-0.546045864801
-0.539434205241
-0.53234297778
-0.525377673522
-0.518762494752
-0.512145926661
-0.505306667924
-0.498503865681
-0.491575122996
-0.484206495008
-0.476508581714
-0.469317896467
-0.462333454432
-0.455188443884
-0.447940225269
-0.440738504858
-0.433230585159
-0.425149645058
-0.417300176587
-0.409939148695
-0.402610696095
-0.395043709479
-0.387576129052
-0.379989596275
-0.371886705447
-0.363437725658
-0.355665377964
-0.348175707771
-0.340519720838
-0.332790300934
-0.325151519556
-0.317171968808
-0.308538770807
-0.300255885841
-0.292585416633
-0.28497575476
-0.277115841421
-0.269416760913
-0.261602111349
-0.253205941568
-0.244475515556
-0.236571100647
-0.229009160272
-0.2212702298
-0.213494016921
-0.205851051615
-0.197842749781
-0.189125040342
-0.180874664112
-0.173323047012
-0.165844166177
-0.158117513673
-0.150614323481
-0.142999831392
-0.13475847693
-0.126218917434
-0.118612501834
-0.111381354534
-0.10396913249
-0.0965671306563
-0.0893230358043
-0.0816980644661
-0.0733462261887
-0.0655661652717
-0.0585283099478
-0.05156553586
-0.0443715225019
-0.0374450352715
-0.0304076828779
-0.0227288244741
-0.0148212243064
-0.00789730181391
-0.00134905448845
0.00537888992262
0.0120469847964
0.0185453040535
0.0254259572768
0.0329994508412
0.0399222730336
0.0461209155514
0.0522548993046
0.0585898030677
0.0646289839783
0.070775035125
0.0775410954635
0.0844309236845
0.0903624932673
0.0959442852181
0.101700561179
0.107357176232
0.112847647447
0.118697264219
0.125156252788
0.130927938657
0.136039994219
0.141100912638
0.146320437972
0.151246439561
0.156266223361
0.161846740573
0.167443361405
0.172166594771
0.176595025177
0.18117684959
0.185625933796
0.189929495545
0.19453884142
0.199640453393
0.204069480765
0.207940172553
0.211781936721
0.215721446812
0.219396532404
0.223154005589
0.22736639866
0.231499188104
0.234915922769
0.238095149122
0.241383522611
0.244517886358
0.247532730128
0.250789270559
0.254378321353
0.257392037649
0.25999442532
0.262574981834
0.265182067767
0.267564382123
0.269999234263
0.272745745121
0.275356124349
0.277447602118
0.279372028603
0.281358074112
0.283198322133
0.284946473701
0.286835983289
0.288878790174
0.290495203455
0.291854439239
0.293187548625
0.294499907495
0.295653073046
0.29681816109
0.298133628718
0.299294085935
0.300151850326
0.300899279783
0.301639705626
0.302267193079
0.302826510139
0.303419057774
0.30402374159
0.304405806859
0.304654087131
0.304860789284
0.305013700377
0.305072280384
0.305079748081
0.305060787279
0.304957680278
0.30476065801
0.304492940414
0.304161712151
0.303770943626
0.303320158969
0.302775797508
0.302134658622
0.301491052524
0.300819479666
0.300075361863
0.299277743348
0.298450114632
0.297506211668
0.296373910443
0.295278200763
0.294259743308
0.293186534593
0.291999449489
0.290829606182
0.289586558799
0.288116437452
0.286532672744
0.285165976535
0.283834249192
0.282374022169
0.280887487629
0.27940786149
0.277743580212
0.275767030193
0.273992443972
0.2724176402
0.270786058809
0.269024775186
0.267350704336
0.265569291116
0.263430296988
0.261237343419
0.259415072432
0.257652161096
0.25572294819
0.253830512139
0.251966625903
0.249834700766
0.24732559979
0.245209447091
0.243344018812
0.24138609859
0.239304401194
0.237365715035
0.23528460617
0.232751251527
0.230263423233
0.228249238347
0.226302021
0.224153610655
0.222108104876
0.220079985211
0.217712779977
0.214977590101
0.212766886049
0.210810803314
0.208732693125
0.206570801702
0.20457836284
0.202400615559
0.199706468313
0.197215249689
0.19521723958
0.193253449705
0.191080195406
0.189070032858
0.187055421347
0.184641711298
0.181914778455
0.179796755568
0.177916616456
0.175883440085
0.173818751399
0.171924052198
0.169811519922
0.16715177206
0.164818467618
0.162973590035
0.161124723437
0.15907516885
0.157229207797
0.155344502489
0.153020967847
0.150480382424
0.148586123256
0.1468774045
0.144989128783
0.14312961147
0.141417148192
0.139456864318
0.136978157546
0.134905774194
0.13327454468
0.131615200755
0.129782287429
0.128166377176
0.126485138013
0.124336394037
0.122091045289
0.120460735659
0.118973918849
0.117293223383
0.115689335091
0.114201901507
0.112452571273
0.110236502985
0.108491413458
0.107107816456
0.105660976147
0.104075286382
0.102709105859
0.101260116033
0.0993513596009
0.0974427821146
0.0960826427614
0.0948208356233
0.0933680529084
0.0920295832763
0.0907799946749
0.0892547412714
0.0873310424191
0.0859004835679
0.0847547224432
0.0835255887086
0.0822045403911
0.081087155294
0.0798608675577
0.0781986400132
0.0766416286388
0.0755451135088
0.0745025566619
0.0732828258476
0.072198076693
0.0711663212729
0.0698549841089
0.0682377840423
0.067096679321
0.0661765269294
0.0651489626545
0.0640686641343
0.0631597624766
0.0621372693079
0.0607157840057
0.0594724037645
0.058609929092
0.057765109561
0.0567633938526
0.0559115760253
0.0550756193262
0.0539663067473
0.0526516903001
0.0517728109101
0.0510380045088
0.0501884955672
0.0493396282292
0.0486201296783
0.0477704748282
0.0465829404033
0.0456134811248
0.0449364251548
0.0442497230364
0.0434408894257
0.0427715791106
0.0421026367753
0.0411820480178
0.0401340824829
0.0394645375802
0.0388934869063
0.0382059834501
0.0375427714864
0.0369809519006
0.0362944163318
0.0353203192887
0.0345873193597
0.0340684048641
0.0335173580002
0.0328752715433
0.0323632194445
0.0318317322121
0.0310656707739
0.0302572553961
0.0297496651005
0.0292988987237
0.0287441164595
0.0282414214982
0.0278080700957
0.0272506749303
0.0264695106256
0.0259254739354
0.025531962189
0.025093821921
0.0245981071952
0.0242142159823
0.0237958579614
0.0231673483409
0.0225587209569
0.0221803959382
0.0218282889943
0.0213900308408
0.0210151456639
0.0206805985503
0.0202273428007
0.019618688258
0.0192197992596
0.0189219154496
0.0185770721282
0.0182049036486
0.0179166654216
0.0175844403531
0.0170741690551
0.0166274562897
0.0163492653132
0.0160783483809
0.0157349386848
0.0154580587653
0.0151996607813
0.0148314916717
0.0143632344171
0.0140785254798
0.0138565696734
0.0135856620646
0.013305972044
0.0130898031339
0.0128331649119
0.012432812635
0.0121074492885
0.0119051821728
0.0116980321826
0.0114367279364
0.0112339562104
0.0110384602012
0.0107451166034
0.0103951722757
0.0101928260696
0.0100256790236
0.00981302095584
0.00961217759957
0.00945333243521
0.00925001872103
0.00893145268816
0.0087076905695
0.00856327063896
0.008403113127
0.00820823077455
0.00806447774451
0.0079144977657
0.00767451558174
0.0074264530877
0.00728369517795
0.0071566900382
0.00698975728578
0.00684811227284
0.00672920953485
0.00656275824413
0.00632371079969
0.00617439840526
0.00606984379075
0.0059443478963
0.00580506241244
0.00570432982498
0.00558722253664
0.00539312812909
0.00522538056517
0.00512903357946
0.00503413465227
0.00490851794817
0.0048123729961
0.00472397854613
0.00458842970426
0.00441379929067
0.00431782223323
0.00424171482956
0.00414183388776
0.00404586228592
0.00397348264799
0.00387932833882
0.00372541907881
0.00361900272979
0.00355342699891
0.0034787253759
0.00338578857717
0.00332058313916
0.00325336983342
0.00313988961882
0.00302431923194
0.00296211962893
0.00290658519067
0.00282934492581
0.00276532589699
0.00271236238059
0.00263380172442
0.00252040831662
0.00245447212832
0.00240881190739
0.00235009720603
0.00228758729045
0.00224350985601
0.00219008407919
0.00209830591612
0.00202780905188
0.00198726459631
0.0019435544396
0.00188679080338
0.00184649854233
0.00180782805398
0.00174179897441
0.00166776347334
0.00162919603938
0.00159636557238
0.00155015105424
0.0015108335513
0.00147885802678
0.00143203837828
0.00136294378323
0.00132265519673
0.00129561331963
0.00126106035755
0.00122339317172
0.00119731752642
0.00116576001004
0.00111021417925
0.00106835982853
0.00104564274445
0.00102064216888
0.000986548664954
0.000962408553347
0.000939564962162
0.000899395806306
0.000855415589253
0.000834021282757
0.000815569413284
0.000787602782839
0.000764516833919
0.000747069137809
0.000720357604597
0.000679955717472
0.000657010026676
0.000641550365706
0.000621030353264
0.000600317147754
0.000586368526868
0.000567795123284
0.00053426838126
0.000511736558243
0.000498461292485
0.000483174636101
0.000464346218738
0.000452559259067
0.000439719486616
0.00041481132146
0.000392686567511
0.000381395769504
0.000369910963643
0.000353606954423
0.00034255766249
0.00033298282516
0.000315407511185
0.0002945334104
0.000284799335689
0.000276333005695
0.000263804290986
0.000254272973464
0.000247162848299
0.000234905792971
0.000216348476126
0.000207360835572
0.000200754960996
0.000191179223816
0.00018248523679
0.000176951628632
0.000168389364152
0.00015313482513
0.000144518644417
0.000139507498736
0.000132242871814
0.0001244934073
0.000120163045254
0.000114337647814
0.000102031089301
9.4044734559e-05
9.02806847318e-05
8.49807767944e-05
7.81639277717e-05
7.47313309766e-05
7.08329429266e-05
6.15649140263e-05
5.44010851861e-05
5.15971372578e-05
4.83761821531e-05
4.33670396535e-05
4.07192219335e-05
3.81504405582e-05
3.15270311453e-05
2.54320392624e-05
2.33649442597e-05
2.12525064308e-05
1.75070060685e-05
1.55485699231e-05
1.39448887597e-05
9.20342538851e-06
4.23608447858e-06
2.93145228255e-06
2.16525419644e-06
7.78525428401e-07
1.44730936107e-07
2.7114403408e-08
5.1275499215e-09
9.74829544756e-10
1.85411760856e-10
3.51985143609e-11
6.67537956295e-12
1.27087902893e-12
2.4797096641e-13
5.42345983585e-14
1.72750727407e-14
1.02453028954e-14
9.02579980919e-15
8.74210560526e-15
8.68829614322e-15
8.56710478671e-15
8.5651410467e-15
8.2874511417e-15
8.17632348952e-15
8.37061325998e-15
8.25954913527e-15
8.2595576056e-15
8.37132624996e-15
8.26028361871e-15
8.14924437559e-15
8.20474028023e-15
8.14921557647e-15
8.09369595491e-15
8.21944985439e-15
8.16392853876e-15
7.95493501749e-15
7.95498245133e-15
7.84351969174e-15
7.90034035591e-15
7.90033188558e-15
7.84475974797e-15
7.78929094839e-15
7.90030816866e-15
7.84479362929e-15
7.78928247806e-15
7.76146930421e-15
7.70595815297e-15
7.76152351431e-15
7.7337679387e-15
7.567234485e-15
7.5117368863e-15
7.28969228138e-15
7.23418113014e-15
7.28963807127e-15
7.28957030863e-15
7.28957030863e-15
7.17854800617e-15
7.44287988395e-15
7.33185758149e-15
7.5261466108e-15
7.41512430834e-15
7.41512430834e-15
7.41573290151e-15
7.30468349399e-15
7.3045886263e-15
7.47109497494e-15
7.36009977753e-15
7.36007267248e-15
7.2490910276e-15
7.37802977096e-15
7.26698036344e-15
7.71104246824e-15
7.71106957329e-15
7.60002016578e-15
7.59999306072e-15
7.48894365321e-15
7.37773161536e-15
7.26646536741e-15
7.59955937985e-15
7.15522622452e-15
7.04423102711e-15
7.15517201441e-15
7.15519911946e-15
7.15517201441e-15
7.29397699754e-15
7.18292759002e-15
7.18295469508e-15
7.07190528756e-15
6.96091009015e-15
7.00295002939e-15
7.00297713444e-15
7.14172790747e-15
7.03073271006e-15
6.91968330254e-15
6.86419925637e-15
6.80933799116e-15
6.75382683993e-15
6.75382683993e-15
6.94811586924e-15
6.94811586924e-15
6.89260471801e-15
6.99170079658e-15
6.99148395614e-15
7.10228941817e-15
6.60247221665e-15
6.88002797281e-15
6.76900567035e-15
6.76900567035e-15
6.65798336788e-15
6.54696106542e-15
6.85227239719e-15
6.96784834878e-15
6.80131489509e-15
6.80131489509e-15
6.77355931947e-15
6.71804816824e-15
6.66253701701e-15
6.55215210684e-15
6.49664095561e-15
6.55213855431e-15
6.49662740308e-15
6.60764970554e-15
6.64689782419e-15
6.38603878149e-15
6.33075802322e-15
6.56407833074e-15
6.45305602827e-15
6.45304247575e-15
6.09221999274e-15
6.39758553462e-15
6.34214214603e-15
6.1200975411e-15
6.00907523864e-15
6.36988416912e-15
6.31437301789e-15
6.20335071542e-15
6.4117479255e-15
6.35623677427e-15
6.55047159347e-15
6.43944929101e-15
6.44024052566e-15
6.32900138276e-15
6.32878454233e-15
6.38429569356e-15
6.2732733911e-15
6.44392681305e-15
6.63821584236e-15
6.44392342492e-15
6.27738997122e-15
6.16635411623e-15
6.41614752051e-15
6.30512521805e-15
6.24961406682e-15
6.19410291558e-15
6.19411646811e-15
6.19411646811e-15
6.13865952699e-15
6.24989866989e-15
6.0834194263e-15
6.16668615315e-15
6.16668615315e-15
6.16739893137e-15
6.05637662891e-15
5.94535432645e-15
6.02862105329e-15
5.91759875083e-15
5.91759875083e-15
5.87601959752e-15
5.77887508286e-15
5.9519679597e-15
5.9519679597e-15
5.89645680847e-15
6.00758753115e-15
5.89661943879e-15
5.78559713633e-15
5.97945248477e-15
5.86843018231e-15
5.86843018231e-15
5.93304863179e-15
6.21060438795e-15
6.15509323671e-15
6.15590850593e-15
6.1002482769e-15
6.0447303494e-15
5.98921919817e-15
5.96146362255e-15
5.90600668143e-15
5.90600668143e-15
5.79498437897e-15
5.60069534966e-15
5.54495380547e-15
5.68367747344e-15
5.51708980963e-15
5.56978203522e-15
5.79182664014e-15
5.68075012757e-15
5.34768322018e-15
5.34773743029e-15
5.56978203522e-15
5.34773743029e-15
5.23671512783e-15
5.23672190409e-15
5.34774420656e-15
5.34774420656e-15
5.46700644553e-15
5.71680662607e-15
5.71680662607e-15
5.60578432361e-15
5.49476202114e-15
5.49540597794e-15
5.80071730972e-15
5.68969500725e-15
5.92409951694e-15
5.70205491202e-15
5.70205491202e-15
5.75756606325e-15
5.75756606325e-15
5.8408327901e-15
5.6742993364e-15
5.70183807158e-15
5.75734922282e-15
5.70162123115e-15
5.5913320357e-15
5.7578654894e-15
5.86303310013e-15
5.97405540259e-15
5.86303310013e-15
5.89078867574e-15
5.83527752451e-15
5.94629982697e-15
5.89078867574e-15
6.00311202081e-15
6.08637874766e-15
5.9753564452e-15
5.80969977648e-15
5.92066786884e-15
5.96425279617e-15
6.13078624986e-15
6.0197639474e-15
6.01983171004e-15
6.07534286127e-15
6.16965489775e-15
6.19735626326e-15
6.14252739706e-15
5.92042858203e-15
6.08696203572e-15
6.79386185218e-15
6.73878438182e-15
6.76659416755e-15
6.73894701215e-15
6.9605579362e-15
7.12710494242e-15
7.43320952055e-15
7.46291666008e-15
7.35189435762e-15
7.73093143712e-15
7.64842545173e-15
8.26360515253e-15
8.5282540324e-15
8.87693006294e-15
