2.1740017928e-14
1.52238663096e-14
1.07176129137e-14
8.11102571961e-15
6.3361672815e-15
6.55166347471e-15
4.85288130075e-15
4.39315586269e-15
4.41664408632e-15
4.28386743667e-15
3.13258872509e-15
3.11927336716e-15
2.76579211871e-15
2.47696574216e-15
2.23408158564e-15
3.52347664256e-15
2.19906100843e-15
2.82422892175e-15
2.25203360192e-15
2.44474714995e-15
3.10491615871e-15
1.29999567426e-15
1.96358415503e-15
1.35902963552e-15
1.39401379031e-15
6.60886445667e-16
-1.85593389073e-16
5.89568812607e-17
9.61259575356e-16
3.33600284034e-15
-5.76874329826e-16
-3.12523817318e-16
2.91334356406e-15
-5.42565260298e-16
-6.08858293915e-16
-6.28375627085e-16
-1.03748237621e-15
-3.34112146044e-16
3.12653413359e-15
1.92122657844e-15
2.10024360371e-15
1.8709136684e-15
1.5001368542e-15
1.75809650312e-15
1.67737002809e-15
1.62809473341e-15
2.8597289196e-15
4.04614340486e-15
1.55769951923e-15
2.45824207886e-16
9.6239290544e-16
4.88080374185e-15
4.44228462067e-15
4.49456010604e-15
4.25714608829e-15
3.89036642256e-15
3.18586625044e-15
3.86970220678e-15
3.35474683243e-15
2.87821117851e-15
3.08154821376e-15
2.86701340294e-15
2.62275451194e-15
2.83441279887e-15
4.50659475015e-15
3.13405663319e-15
3.87713068573e-15
4.38826594149e-15
2.96325498048e-15
4.43337468109e-15
4.67509840248e-15
5.31763387935e-15
3.85260654081e-15
5.03278347545e-15
3.62046106799e-15
4.3238914375e-15
3.56256975417e-15
4.93922275719e-15
4.63345995686e-15
6.16854030827e-15
6.2821121799e-15
7.60408497101e-15
5.94919773845e-15
5.98128673462e-15
8.16173249997e-15
8.24004831924e-15
6.95302749567e-15
6.4857846402e-15
5.792954041e-15
6.20914706776e-15
6.68005249369e-15
6.28726044616e-15
6.40792621872e-15
6.50364432989e-15
6.36923629479e-15
6.24120895888e-15
6.2964626121e-15
6.26804973891e-15
6.31463993914e-15
6.23620892339e-15
6.21100122288e-15
6.16875799574e-15
5.64132921421e-15
5.61241997972e-15
5.94181584631e-15
6.0348683448e-15
6.38798282798e-15
5.46353276341e-15
5.35183029349e-15
5.29803607805e-15
6.62808786941e-15
4.7571894476e-15
4.75656179618e-15
4.09506718086e-15
5.32364950734e-15
5.28835618553e-15
5.28813934509e-15
5.66614897363e-15
5.71630433553e-15
5.31501231238e-15
5.31605246883e-15
5.31565097522e-15
5.18801920369e-15
5.60351681641e-15
5.48441890183e-15
5.1637118992e-15
4.90719644146e-15
4.68891943908e-15
5.13300949597e-15
5.57470922587e-15
5.13126291403e-15
4.63179638415e-15
4.89698545928e-15
4.86852430522e-15
5.77056018394e-15
4.97844207672e-15
5.40766077615e-15
5.1822195691e-15
5.17115393068e-15
5.56821417723e-15
5.10579178627e-15
5.06934904075e-15
4.62696660229e-15
5.00882260744e-15
4.54781391447e-15
4.8940962299e-15
5.2241968279e-15
5.61059631778e-15
5.38601823731e-15
5.4033688602e-15
5.59738090974e-15
5.37099017876e-15
4.76177528397e-15
4.00048494087e-15
4.79360678213e-15
4.5462028578e-15
4.55074380143e-15
4.80834430838e-15
5.2559470109e-15
4.80587859547e-15
3.44353706113e-15
4.85726723735e-15
3.95711346584e-15
3.95053032578e-15
3.91528020264e-15
3.50693070097e-15
3.48260645582e-15
3.03970393913e-15
3.14964288645e-15
3.14953446624e-15
3.15052041259e-15
3.17828699963e-15
3.68828892531e-15
3.24340011635e-15
3.24581246619e-15
2.83739350781e-15
3.24528391763e-15
2.40884481144e-15
2.92954730434e-15
2.47889951838e-15
2.85966369806e-15
1.67212350601e-15
2.93895868742e-15
7.21983779185e-16
1.17653469297e-15
1.59685022909e-15
3.1198552788e-15
3.48635711771e-15
1.69181278687e-15
2.33245175696e-15
1.65805259469e-15
4.06496786508e-15
3.52128113316e-15
2.23688187656e-15
2.80841396959e-16
2.41056682943e-15
3.96495783797e-15
4.10887551197e-15
2.46375711038e-15
1.11636824866e-15
1.62673863366e-15
1.96795738614e-15
3.21780532179e-15
8.39665454679e-16
1.41915457521e-15
1.41857859281e-15
1.00567374795e-15
5.72861087722e-16
-2.71706146623e-16
5.13120700985e-16
1.11521543682e-15
1.85833099397e-15
1.99097635351e-16
2.83377667713e-15
1.50856652609e-15
-3.20916727979e-15
-7.08057710499e-16
2.5992374892e-15
-1.46389654955e-15
5.41351462084e-16
-7.24943312303e-16
1.15282115858e-15
1.88117377849e-15
-4.2053407062e-16
-1.18716326239e-15
-2.28891172238e-16
4.06834159731e-16
-6.10245733882e-16
1.46284284057e-16
-9.1356145603e-16
-1.65934686103e-15
-7.39299673726e-16
1.12154785513e-15
-4.15251973161e-16
8.38642238879e-16
-1.59401436278e-16
-3.0981263426e-15
-2.2367209403e-15
-1.37397637891e-15
-1.9879321171e-15
-2.1029659676e-15
1.49638534528e-16
-2.84731819285e-16
-1.13876041165e-15
-8.67584507654e-16
4.72089577987e-16
-6.78904530521e-16
-8.97451736407e-16
2.34204609916e-18
-1.80188133023e-15
-2.38219546086e-17
-1.93867545715e-15
-7.36689965215e-16
-3.1192767553e-15
-6.22382021951e-16
-1.12968191252e-15
-9.85514363801e-16
-1.77156686808e-15
-1.32269869835e-15
-1.20864994716e-15
-3.52973028681e-15
-3.06582050599e-15
-2.97135600358e-15
-4.25106354469e-15
-5.66563821276e-15
-2.84484993885e-15
-1.97510126201e-15
-2.42189420103e-15
-1.65391907391e-15
-1.68251829434e-15
-2.99798926054e-15
-3.0429988973e-15
-1.24045434027e-15
-1.74733071436e-15
-1.8446649644e-15
-4.15056732066e-15
-3.4564034916e-15
-3.05084326942e-15
-2.73780615014e-15
-2.8301073304e-15
-2.77813000062e-15
-2.48138979525e-15
-3.9971281493e-15
-2.15624857514e-15
-3.2969757973e-15
-3.16872484469e-15
-1.29907494945e-15
-1.86247976135e-15
-1.21283090179e-15
-1.92769198092e-15
-2.01502870108e-15
-1.7512677235e-15
-1.74235524283e-15
-1.29373271265e-15
-1.76184038875e-15
-1.75718170754e-15
-1.76037332769e-15
-1.76634406293e-15
-1.34564566792e-15
-1.76186664677e-15
-1.76091204064e-15
-1.41761382228e-15
-1.09138247078e-15
-1.97936437884e-15
-2.64523984856e-15
-2.24705982445e-15
-2.65336797672e-15
8.54663020043e-16
9.17844901645e-17
1.75233837315e-15
1.90060640837e-16
1.05577574678e-15
6.04001406995e-16
-1.20941481791e-15
2.03946898974e-16
-2.95760188259e-16
2.54431756696e-16
2.51854235438e-16
-8.05424994819e-16
-1.25328858348e-15
-1.3665284182e-15
-7.69542138075e-16
-3.20903514265e-16
-1.64631017694e-15
-1.53080961129e-15
-9.12141828811e-16
-1.04794662124e-15
-1.93649095918e-15
-1.51427214003e-15
-1.31903189272e-15
-1.7199647739e-15
-2.24565459679e-15
-2.24128390679e-15
-2.43896784415e-15
-2.99280880704e-15
-3.70232256718e-15
-3.70463242602e-15
-1.72136915453e-15
-3.71303838099e-15
-3.97823507941e-15
-3.92098496954e-15
-4.95457692343e-15
-3.50256932832e-15
-4.32835614816e-15
-4.09299364421e-15
-3.17938051917e-15
-3.55075025643e-15
-4.18446134405e-15
-5.06560515512e-15
-5.10456528256e-15
-5.30182824455e-15
-6.2231722393e-15
-5.26326876369e-15
-6.45742513009e-15
-8.60983664599e-15
-7.3767370928e-15
-6.25385939595e-15
-5.34051647442e-15
-7.5628658067e-15
-6.34543890414e-15
-7.11252125853e-15
-6.12196789573e-15
-6.34380497758e-15
-3.68806615564e-15
-2.60021581225e-15
-1.7248106494e-15
-1.59391525992e-15
-1.3478123782e-15
-1.18162536098e-15
-1.03491501935e-15
-9.55177031762e-16
-4.67959445337e-16
-4.25639985226e-16
-4.81260403707e-16
-3.66734772975e-16
-3.63038321193e-16
-3.60293934444e-16
-3.53316077025e-16
-3.78846497088e-16
-4.33344596914e-16
-7.07967077974e-17
-6.47243285985e-17
-6.55010578112e-17
-7.90451146378e-18
-7.47930092426e-18
-1.07319074417e-17
3.97851375325e-17
4.34138266786e-17
-1.52194879963e-17
1.48741526637e-16
1.80169837112e-16
5.72234283341e-16
4.57983938317e-16
5.69066380119e-16
5.69494131757e-16
6.25072198591e-16
1.80982988741e-16
1.25908906511e-16
9.89148135145e-17
1.01628707077e-16
1.860465517e-16
1.86065186425e-16
4.63895381256e-16
4.63021243254e-16
5.19467518859e-16
5.20294223016e-16
4.63902157519e-16
4.63902157519e-16
4.64989747824e-16
4.08211435303e-16
4.93206109362e-16
4.92117672025e-16
4.86978723134e-16
4.85054264278e-16
4.87249773677e-16
4.91373130065e-16
5.45156334083e-16
5.48835845206e-16
9.9384577987e-16
9.91196260811e-16
9.94977415888e-16
1.44080643141e-15
1.4962726899e-15
1.88484058412e-15
6.40593230317e-16
2.77256499416e-15
3.27217890777e-15
1.52628814942e-15
2.02590883929e-15
-1.35545600351e-16
7.51772233874e-16
1.70334852858e-15
1.70332819979e-15
2.55681130293e-15
2.04982566159e-15
3.3761047682e-15
4.7081936738e-15
5.80992349906e-15
7.0956297275e-15
6.41970759999e-15
6.19745886012e-15
7.98156435692e-15
9.23610824323e-15
1.09836642684e-14
1.01379357518e-14
1.49015812846e-14
1.54854732824e-14
1.53638664562e-14
1.93080525052e-14
2.10631115482e-14
2.15629151972e-14
2.54680267693e-14
2.79929379644e-14
3.3387216467e-14
4.01957121898e-14
4.50132103832e-14
5.2891345241e-14
6.31664512024e-14
7.52365699038e-14
8.5859998683e-14
9.7121641377e-14
1.07843689355e-13
1.22618470655e-13
1.36581547057e-13
1.53822247942e-13
1.69063721525e-13
1.89681591052e-13
2.14644301682e-13
2.4447505889e-13
2.78403704746e-13
3.12990715431e-13
3.58808798543e-13
4.05766961745e-13
4.56072279823e-13
5.11355371668e-13
5.73857400909e-13
6.41393513821e-13
7.15425635061e-13
8.05381735153e-13
9.03233213998e-13
1.00954860858e-12
1.13024812779e-12
1.26021587981e-12
1.40968068703e-12
1.57376674914e-12
1.76083770672e-12
1.96574304126e-12
2.19864770972e-12
2.45491949472e-12
2.73115682292e-12
3.05646283243e-12
3.42663025979e-12
3.81973500901e-12
4.26993504489e-12
4.77963696081e-12
5.33945863022e-12
5.96586628297e-12
6.67557711549e-12
7.46708347518e-12
8.38560403976e-12
9.39540195047e-12
1.04982510493e-11
1.17581889702e-11
1.31486833267e-11
1.47046053583e-11
1.64792970783e-11
1.84859307148e-11
2.07056736648e-11
2.31553220345e-11
2.59751576937e-11
2.920753365e-11
3.26516157692e-11
3.64820332858e-11
4.08703345986e-11
4.58248455559e-11
5.12800227154e-11
5.75661771186e-11
6.47427308196e-11
7.27510070348e-11
8.14901935417e-11
9.11527269604e-11
1.01922803136e-10
1.1435861323e-10
1.28596910927e-10
1.44759571174e-10
1.62966789992e-10
1.82765068437e-10
2.04541666836e-10
2.29479796207e-10
2.57764502981e-10
2.89073021797e-10
3.24586901721e-10
3.65941404682e-10
4.13088362407e-10
4.64117391496e-10
5.20437395169e-10
5.83959953494e-10
6.56319864723e-10
7.37592147683e-10
8.29452087688e-10
9.33795379517e-10
1.05372065298e-09
1.18790010387e-09
1.33625609193e-09
1.50077221317e-09
1.68770946197e-09
1.89851558233e-09
2.13790955915e-09
2.41260447597e-09
2.72920816735e-09
3.07586870476e-09
3.45568967578e-09
3.8871771746e-09
4.37720144098e-09
4.93475909976e-09
5.56975932474e-09
6.29617228683e-09
7.12310794017e-09
8.03437230332e-09
9.04595974818e-09
1.01877054645e-08
1.14939974074e-08
1.29721304455e-08
1.46587492872e-08
1.65949410014e-08
1.87893288705e-08
2.12036055541e-08
2.38976402244e-08
2.69734624565e-08
3.04841495072e-08
3.44390366466e-08
3.89897513549e-08
4.41726665089e-08
5.00272677591e-08
5.64814492821e-08
6.37780018246e-08
7.20861331181e-08
8.15488793931e-08
9.22152347156e-08
1.0443903625e-07
1.18445735939e-07
1.34234917547e-07
1.51741788127e-07
1.7148859772e-07
1.94040638097e-07
2.19436756934e-07
2.48340247406e-07
2.81673773785e-07
3.19757801891e-07
3.62280431955e-07
4.09599294217e-07
4.63272001031e-07
5.23999469978e-07
5.93121763591e-07
6.72593695887e-07
7.62942744338e-07
8.64670850132e-07
9.78382514779e-07
1.10652753659e-06
1.25203478389e-06
1.41757919403e-06
1.60562677302e-06
1.81802079512e-06
2.05884959177e-06
2.33160798329e-06
2.63827152506e-06
2.98280517252e-06
3.37295066117e-06
3.81470083426e-06
4.3128499368e-06
4.87783511872e-06
5.51981702715e-06
6.24252274916e-06
7.05196161507e-06
7.96280842291e-06
8.98824523876e-06
1.01433653047e-05
1.14507095742e-05
1.29315912402e-05
1.45973140409e-05
1.64630757605e-05
1.85483277251e-05
2.08896819824e-05
2.35216440702e-05
2.64860349111e-05
2.98274214557e-05
3.35780182497e-05
3.77631483499e-05
4.24225770724e-05
4.76383821503e-05
5.34818294352e-05
6.00250940053e-05
6.73419219153e-05
7.55272496433e-05
8.46302533162e-05
9.47582676449e-05
0.000106016511103
0.000118533617144
0.000132448472672
0.000147959581458
0.000165211601663
0.000184309324198
0.000205417396837
0.000228755685476
0.000254559882867
0.000283066250323
0.000314564568662
0.000349331575786
0.000387636077834
0.000429680470979
0.000475870429344
0.000526625541248
0.000582291670654
0.000643223390719
0.000709962849418
0.000782836184034
0.000862297431366
0.000949076060876
0.00104359527579
0.00114634046216
0.00125800044504
0.00137894480367
0.00150980306983
0.00165180465026
0.00180523026884
0.00197053926036
0.00214874666717
0.00234074428205
0.00254740816561
0.00276904599849
0.00300536634809
0.00325829483879
0.00352966485394
0.00382040774551
0.00412992471343
0.00445793276937
0.00480489102908
0.00517398811078
0.00556663295356
0.00598181911503
0.0064198508234
0.00688141042878
0.00736709453844
0.00787769628286
0.00841328667024
0.00897463388167
0.00956383162554
0.0101806839453
0.0108220732886
0.0114876027495
0.0121806044196
0.0129030335919
0.0136541584489
0.0144308264926
0.0152301296001
0.0160547814204
0.0169072037253
0.0177858216839
0.0186889285786
0.0196156315262
0.0205640394664
0.0215345600973
0.0225250099645
0.0235360186119
0.024569588707
0.0256219740764
0.0266890926863
0.0277699707706
0.028865638084
0.0299765563071
0.0311012381021
0.032235744057
0.0333779334924
0.0345282362087
0.0356852069891
0.0368481790818
0.0380153254906
0.0391838491477
0.040353545414
0.0415235369049
0.0426919065692
0.043857179046
0.0450168511407
0.0461718565973
0.0473209074613
0.0484612859164
0.0495930092361
0.0507138780648
0.0518233489679
0.0529200867987
0.0540040802879
0.0550745459799
0.0561293975497
0.0571678462594
0.0581891845871
0.0591934751896
0.0601796770028
0.0611473356026
0.0620953825993
0.0630233866931
0.0639308715691
0.0648176534447
0.0656832079517
0.0665271604599
0.0673492652708
0.068149234674
0.0689268519287
0.0696819542474
0.0704143880205
0.0711240688552
0.0718109216072
0.0724749179136
0.0731160629695
0.0737343671601
0.0743298918235
0.0749027635353
0.0754530787378
0.0759809324426
0.0764864485597
0.0769698382592
0.0774313244003
0.0778711070507
0.0782893952243
0.078686407364
0.0790624029148
0.079417665416
0.0797524674043
0.080067113306
0.0803618650724
0.0806370308279
0.0808928993089
0.081129807205
0.0813480610164
0.0815480040206
0.0817299390959
0.0818942064641
0.0820411263491
0.0821710491683
0.0822842983161
0.0823811717067
0.0824620074355
0.082527145229
0.082576933176
0.0826116934931
0.0826317527241
0.0826374159978
0.0826290004049
0.0826068190219
0.0825711979215
0.0825224023256
0.0824607903796
0.0823866740101
0.0823003067499
0.0822019759203
0.0820920152796
0.0819706718441
0.0818382031977
0.0816949255146
0.0815411027673
0.0813769364284
0.0812027465427
0.0810188229268
0.0808253124349
0.080622478561
0.0804106583833
0.0801899878011
0.0799606391382
0.0797229847392
0.0794771395175
0.0792233144602
0.0789617908566
0.0786926876212
0.0784161476251
0.0781326333599
0.0778420205957
0.077544509038
0.0772405185358
0.0769301473528
0.0766131607525
0.0762902574504
0.0759615609605
0.0756267581393
0.0752861197613
0.0749403685951
0.0745892599864
0.0742324213689
0.073870396596
0.0735039537075
0.0731325533188
0.0727556342358
0.0723743175968
0.0719891196205
0.071599125744
0.0712039812407
0.0708051239547
0.070402735188
0.0699957093839
0.069583933237
0.0691689445166
0.0687506419239
0.0683279274275
0.0679008762165
0.0674709070085
0.0670377611517
0.0666005442504
0.0661592835847
0.0657151401256
0.0652681753512
0.0648174166103
0.0643626049478
0.0639050145319
0.0634450026934
0.0629813024572
0.0625135736996
0.0620431794855
0.0615706165819
0.0610944002118
0.0606141874748
0.0601313958141
0.0596464802402
0.0591581149402
0.0586658632369
0.0581707764552
0.0576736198571
0.0571734557052
0.0566692234883
0.0561618250929
0.0556526346742
0.055140715167
0.0546243489634
0.0541048118195
0.0535837830491
0.0530597939916
0.0525312987654
0.0519997448086
0.051466590085
0.050930482913
0.0503899482086
0.0498463757519
0.049301125505
0.0487527139281
0.0482003568194
0.0476448532945
0.0470871590733
0.0465267859507
0.0459626976188
0.0453952823636
0.0448257718541
0.0442538092463
0.0436779755987
0.0430991783208
0.042518457732
0.0419352369923
0.0413483019124
0.0407592470684
0.0401679861327
0.0395743221748
0.0389777023384
0.0383794661137
0.0377788063138
0.0371763053189
0.0365717696665
0.0359656182752
0.0353575878364
0.0347487103588
0.0341380168764
0.0335262403263
0.0329140954712
0.0323010946605
0.0316866654876
0.031072822178
0.0304597315207
0.0298455618519
0.0292313012576
0.0286191802515
0.02800876476
0.0273975279506
0.0267878096106
0.0261817092099
0.025577830874
0.0249742528689
0.02437413407
0.0237782131599
0.0231855871305
0.0225955450221
0.0220097223548
0.0214286006232
0.0208520192198
0.0202804377239
0.0197140119485
0.0191524770444
0.0185969099531
0.0180483094441
0.0175058406324
0.0169688983541
0.0164388980519
0.0159168283363
0.0154015048624
0.0148931002736
0.0143929239331
0.0139006619602
0.0134152292362
0.0129376992253
0.0124692726061
0.0120091942993
0.0115560561779
0.0111104118276
0.0106744521394
0.0102469543864
0.00982613903756
0.00941267217659
0.00900860374697
0.00861249809358
0.00822284596862
0.00783998218244
0.00746521586217
0.00709775310591
0.00673630192031
0.00638118079702
0.00603170665372
0.00568826828275
0.00535111504004
0.0050180262129
0.00468831825991
0.00436333874607
0.00404378251259
0.00372589268982
0.00340969711267
0.00309587152014
0.00278463894178
0.00247388383701
0.00216237729983
0.00185052798453
0.00153758530688
0.00122343767341
0.000906477922844
0.000585166507673
0.000259346595345
-7.09253462635e-05
-0.000406908475996
-0.000751450058615
-0.00110473889767
-0.00146559528874
-0.00183613694503
-0.00221852725178
-0.00261499406368
-0.00302578364976
-0.00345052744145
-0.00389187905692
-0.00435204482746
-0.00483209024219
-0.00533293181512
-0.00585632601371
-0.00640550215785
-0.00698186914974
-0.00758527136218
-0.0082178667242
-0.00888239541817
-0.00958315844947
-0.0103224264577
-0.0111001813862
-0.0119164037288
-0.0127738435777
-0.0136796755269
-0.014640054701
-0.0156490263562
-0.0167070018945
-0.0178212585599
-0.0190001844907
-0.0202458997318
-0.0215509442263
-0.0229212410217
-0.0243657475478
-0.0258888960899
-0.0274881378035
-0.0291654861433
-0.0309258060672
-0.0327740066832
-0.0347110474133
-0.0367422558715
-0.0388700945844
-0.041089978104
-0.0434092656606
-0.0458357167165
-0.0483700895628
-0.0510065601336
-0.0537489463998
-0.056604650565
-0.0595736340217
-0.0626535120028
-0.0658483695745
-0.0691594781815
-0.0725831419197
-0.0761177714343
-0.0797661695199
-0.0835325285208
-0.0874159562462
-0.0914068275152
-0.0954971576095
-0.0996944520593
-0.104008287801
-0.108421945777
-0.112925560633
-0.117523351518
-0.122211721443
-0.126987716967
-0.131848555063
-0.136783442947
-0.141780571869
-0.146843651071
-0.151975952265
-0.157161967288
-0.16238238948
-0.167642119779
-0.17294802935
-0.178282006718
-0.18362592721
-0.188977114974
-0.194340921188
-0.19970946442
-0.205065351722
-0.210398363835
-0.215714670502
-0.221004864156
-0.226255154246
-0.231465040632
-0.236626980593
-0.241734885399
-0.246779954458
-0.251757064777
-0.256667559302
-0.2614971086
-0.266239183027
-0.270897375421
-0.275462611375
-0.279931371214
-0.284296081489
-0.28855049562
-0.292698656397
-0.296734452363
-0.300651417169
-0.304447109359
-0.308118244435
-0.311664540833
-0.315083340407
-0.318368027268
-0.321520580936
-0.324540542109
-0.327422755004
-0.330167376163
-0.332772862211
-0.33523965757
-0.337566968413
-0.339750743933
-0.341792043344
-0.343694395008
-0.345457369579
-0.3470794415
-0.348558898984
-0.349897100962
-0.351095318891
-0.352155762805
-0.353080832202
-0.353869826798
-0.354522002792
-0.355039662346
-0.355425008499
-0.355678342815
-0.355803931109
-0.355804040403
-0.355676539986
-0.355425041933
-0.355053477706
-0.354563679815
-0.353956213769
-0.353229712676
-0.352389794133
-0.351442417096
-0.350390532763
-0.349235639729
-0.34797250289
-0.346603671276
-0.345137168296
-0.343578726934
-0.341931342952
-0.340193485635
-0.338365534137
-0.336450977862
-0.334450480207
-0.332369622331
-0.330212849163
-0.327986205908
-0.325691097606
-0.323321903172
-0.320878458462
-0.318368998511
-0.315800251245
-0.313177321911
-0.310498739573
-0.307761973742
-0.304971495177
-0.302126408726
-0.299235613463
-0.296304413626
-0.293327675365
-0.290311675159
-0.28725693516
-0.28416009409
-0.281030448919
-0.277867359236
-0.274675128795
-0.271459648313
-0.268216457646
-0.264946302785
-0.261647537258
-0.258327561168
-0.254992957375
-0.251643437952
-0.248279469834
-0.244901131749
-0.241500959476
-0.238085047548
-0.234665032685
-0.231242654836
-0.227816427285
-0.224381123736
-0.220937619754
-0.217483577425
-0.214028205117
-0.210579163296
-0.207132052461
-0.203687476272
-0.200246421693
-0.196799872644
-0.193348019416
-0.189908911099
-0.186478839406
-0.183057459502
-0.179642154189
-0.176234470195
-0.172836768483
-0.169438876177
-0.1660503381
-0.162675066903
-0.159312074488
-0.155964314024
-0.152630205287
-0.149300989928
-0.145977195422
-0.142669204552
-0.13937726076
-0.136102015796
-0.132839946379
-0.129591230588
-0.126349581758
-0.123119182035
-0.119906737455
-0.116711202984
-0.113532097198
-0.11036645013
-0.107209412074
-0.104065748297
-0.100936777701
-0.0978248084476
-0.0947308697135
-0.0916444156667
-0.0885717881363
-0.0855116337053
-0.0824667989204
-0.0794362113369
-0.0764199434472
-0.0734105967187
-0.0704136334482
-0.0674316307985
-0.0644634944585
-0.0615072460855
-0.0585619127074
-0.0556294464394
-0.0527056421987
-0.0497898283997
-0.0468796943016
-0.0439874755761
-0.0411067603915
-0.038233673184
-0.0353700540427
-0.03251325133
-0.0296604271883
-0.0268183913677
-0.0239855141531
-0.0211557401117
-0.0183344012623
-0.0155225564723
-0.0127166840708
-0.00991705731212
-0.00711903313096
-0.0043201749936
-0.0015269600478
0.00126091548501
0.00403840416695
0.00681205706182
0.00958946453414
0.0123689805518
0.0151444009279
0.0179153174879
0.0206857027838
0.0234574872133
0.0262240991071
0.0289949404781
0.0317673779711
0.0345364425165
0.0373093059917
0.040094063865
0.042880118631
0.0456593172605
0.0484357385394
0.051219347153
0.0540074694756
0.0567983609803
0.0595967238073
0.0623990022968
0.065205022523
0.0680157220937
0.0708316103449
0.0736480692705
0.076470438999
0.079298748344
0.0821317320941
0.0849728177076
0.0878189332593
0.0906726672621
0.0935317892381
0.0963989068428
0.0992720960149
0.102146695219
0.105024119078
0.107907703812
0.110798770883
0.113696660624
0.116603857436
0.11951798963
0.122438818383
0.125361107656
0.128279779582
0.131196550787
0.134120847624
0.137053048159
0.139993568218
0.142941784399
0.145887996207
0.148835666319
0.151774075573
0.154700449422
0.157627890753
0.160562351262
0.163499482554
0.16644301505
0.169378338347
0.172303481381
0.175214123748
0.178103702322
0.180980178397
0.183855070841
0.1867223373
0.189586226948
0.192438020047
0.195273530184
0.198089329917
0.200871421701
0.203614438724
0.206329001094
0.209028110649
0.211710551891
0.21437462646
0.217006745433
0.219597777303
0.222149184723
0.224649701716
0.227096211492
0.22949589707
0.231864301273
0.23419533414
0.236474446326
0.238690427901
0.240842778253
0.242919505912
0.24492830309
0.246876237455
0.248765480685
0.250586759476
0.25233046369
0.253999219253
0.255578195254
0.257040027178
0.258402827006
0.259700200674
0.260921540244
0.262030234468
0.263038365547
0.263955304565
0.2647569284
0.265412426961
0.265956143727
0.266414998245
0.266760875504
0.26696982426
0.267067780279
0.267056276474
0.266900125231
0.266582762095
0.266156806493
0.265626112315
0.264958318285
0.26415758229
0.263239998052
0.262190380834
0.260982974046
0.259642546505
0.258195118019
0.25662139725
0.254917326323
0.253101805539
0.251152759489
0.249071088894
0.246887626813
0.244590549839
0.242181333035
0.23966928773
0.237050906782
0.234340890541
0.231543309897
0.228648030575
0.225666181466
0.222612932591
0.219492032614
0.216298397414
0.213052085415
0.209749808598
0.206386439251
0.202972625078
0.199528808329
0.196060953683
0.192561273331
0.189043806221
0.18550747411
0.181934951731
0.178356017576
0.174796292674
0.171231375144
0.167667629822
0.164132078164
0.160612923354
0.157084056947
0.15359055436
0.150137226654
0.146708678575
0.143325726297
0.139983108628
0.136669580495
0.133358409281
0.130095277428
0.126918967057
0.123777261611
0.120680878563
0.117669195782
0.114703346129
0.111747554776
0.1088277353
0.105988076005
0.103211775972
0.100511490863
0.0978597409234
0.0952653215964
0.0927090884751
0.0901973852363
0.0877468898684
0.0853583513256
0.0830272799919
0.0807672789319
0.0785528153154
0.0763670280501
0.0742488357279
0.0721883876606
0.0701673857318
0.0682037418934
0.0663018248344
0.0644540870275
0.0626302503158
0.060849567756
0.0591400158207
0.0574746846366
0.055844951813
0.0542643043819
0.0527339887942
0.0512329890803
0.0497611778373
0.0483347006883
0.0469511922969
0.0456081078896
0.0443030024893
0.0430448113289
0.0418247666066
0.0406163270463
0.0394603527376
0.0383398931454
0.037231384625
0.0361504776609
0.0351160179453
0.034113447598
0.0331217467534
0.032174112177
0.0312575933432
0.0303641444947
0.0294939214804
0.0286525373653
0.0278318315515
0.0270233715686
0.0262465945647
0.0254984562173
0.0247650528585
0.0240455730544
0.0233577713723
0.0226928729475
0.0220363677643
0.0214038183954
0.0207987977537
0.0202109109941
0.0196373060877
0.0190756724601
0.0185235160133
0.0179855931987
0.0174708160696
0.0169781123286
0.0164961359464
0.0160279597668
0.015575331152
0.0151319708292
0.0146891051508
0.0142596836543
0.0138548276429
0.0134672025787
0.013085703302
0.0127161919217
0.0123585792487
0.0120064786163
0.0116574343244
0.0113257384898
0.011006553315
0.0106921846368
0.0103902815217
0.0101003281124
0.00981181998573
0.00952642247011
0.00925330249959
0.00899507429092
0.00874081334289
0.00849470824748
0.00825901391499
0.00803065590833
0.00779801913816
0.00756956281781
0.0073538642005
0.00714196902976
0.0069374520433
0.00674233857527
0.00655334324581
0.00636447992629
0.00618387290912
0.00601312056763
0.00584803423636
0.00568443693017
0.00552309501309
0.00536876368692
0.00521406309311
0.00505830918265
0.00491037687351
0.00477331662991
0.00464092684394
0.00451048353316
0.00438388152874
0.00426166044011
0.00413829359016
0.00402004421907
0.00390989899885
0.00379853213887
0.0036854775166
0.00358133973975
0.0034820295192
0.00338003772084
0.00328216512147
0.00318943208803
0.00310067183827
0.00301531116085
0.00293217488635
0.00284834920097
0.00276421315117
0.00268234645387
0.0026042741064
0.00253003624014
0.00245818398609
0.00238945018008
0.00232394854052
0.00225829131559
0.00219245684484
0.00212861990016
0.00206857387077
0.00200993074351
0.00195217077602
0.00189622747965
0.00184015509614
0.00178497432854
0.0017325927392
0.00168183933231
0.00163372637536
0.00158779918422
0.00154364498975
0.00149997676148
0.00145585107212
0.00141371262817
0.00137181072762
0.00133147345836
0.00129209384863
0.00125407159641
0.00121756315063
0.00118254625168
0.00114729782131
0.00111238411208
0.00108002556836
0.00104976299183
0.00102009080949
0.000990458805349
0.000961376778216
0.000931307075256
0.000901966780144
0.000875142011195
0.000850471261496
0.000825531494816
0.000801435267493
0.000779040260139
0.000755079997405
0.000730558463393
0.00070828732454
0.000687636682024
0.000666754866745
0.000646585480399
0.000627973416108
0.000608551511311
0.000589151033542
0.000571199556904
0.000554749298475
0.000538478272402
0.000522192799964
0.000506377712422
0.000490361054098
0.000473569809166
0.000458038963683
0.000444495745015
0.000431622001702
0.000419201814629
0.000407195744442
0.000394334010368
0.00038057724929
0.000368640655309
0.000356906548403
0.00034471937252
0.000333446476585
0.00032348475762
0.000313621843495
0.0003025884409
0.000293084351448
0.000284712989928
0.000275712413575
0.000266634492408
0.000258318247752
0.0002502894026
0.000241580501187
0.000233169577815
0.000225574024278
0.000218409417925
0.000211139238706
0.000204432747936
0.000198059784541
0.000191068313411
0.000184225817355
0.000178082294044
0.000172429410784
0.000166730204148
0.000161226440709
0.000155584362908
0.000149742464505
0.000144401702091
0.000139813487523
0.000135073105709
0.000130483050376
0.000126342321383
0.000121759177378
0.000116863666704
0.00011245415697
0.000108895127297
0.000105354987967
0.000101400966498
9.77186646009e-05
9.4546562827e-05
9.11026254585e-05
8.74600848728e-05
8.42579680876e-05
8.12801857834e-05
7.8158657301e-05
7.54091792579e-05
7.27842670212e-05
6.99272170843e-05
6.69481596084e-05
6.43906458903e-05
6.1989327397e-05
5.9690728545e-05
5.76569598014e-05
5.56476517834e-05
5.31769049925e-05
5.05937721891e-05
4.86729902069e-05
4.68785941157e-05
4.50507156224e-05
4.33757907863e-05
4.18343870869e-05
4.01118583587e-05
3.80994095608e-05
3.65052720723e-05
3.50053340951e-05
3.34876228912e-05
3.21339903023e-05
3.09306644767e-05
2.95546111244e-05
2.80053543992e-05
2.67054094042e-05
2.56629070546e-05
2.45291526842e-05
2.34764748057e-05
2.25447212336e-05
2.15239894135e-05
2.03218634842e-05
1.93140877108e-05
1.84643725471e-05
1.76637586908e-05
1.67894215912e-05
1.60959332065e-05
1.5408606118e-05
1.45107810443e-05
1.37766383242e-05
1.31694676491e-05
1.24716170145e-05
1.1773045103e-05
1.12602079283e-05
1.07186210094e-05
9.9658695624e-06
9.34322791828e-06
8.85747032454e-06
8.31707309258e-06
7.81315342999e-06
7.445101675e-06
7.04852010817e-06
6.49845119498e-06
6.02241585361e-06
5.63839698912e-06
5.28259315932e-06
4.90259475167e-06
4.63971462336e-06
4.38668195759e-06
3.97374043403e-06
3.62355192126e-06
3.42339578063e-06
3.21963430861e-06
2.95763748974e-06
2.75416014764e-06
2.57126938501e-06
2.26629218628e-06
2.01366091406e-06
1.86915504697e-06
1.72330397542e-06
1.53675928602e-06
1.40184812109e-06
1.26318196131e-06
1.02416974223e-06
8.47367270143e-07
7.61854962716e-07
6.67066442646e-07
5.41351388967e-07
4.78021305348e-07
4.08279293134e-07
2.33399706952e-07
1.17785619983e-07
8.59718062797e-08
5.66358274962e-08
1.50273617787e-08
3.13615825664e-09
6.42082813363e-10
1.30045670834e-10
2.63212966018e-11
5.33800451711e-12
1.0839302802e-12
2.20375855575e-13
4.50270186084e-14
9.31231844448e-15
1.94034273563e-15
4.91787117418e-16
3.47656414629e-16
2.78917996894e-16
2.64982504966e-16
2.62132874374e-16
2.61539104278e-16
2.61398179171e-16
2.61349580656e-16
2.61345980766e-16
2.61318346316e-16
2.61291029503e-16
2.61236819394e-16
2.6120971434e-16
2.61182609286e-16
2.61155504232e-16
2.61074189069e-16
2.61074189069e-16
2.61043695883e-16
2.61017014345e-16
2.60927652369e-16
2.60894194567e-16
2.60878100941e-16
2.60812879404e-16
2.60704035671e-16
2.60679471715e-16
2.57154120589e-16
2.57100757513e-16
2.39613762317e-16
2.39586657263e-16
2.32543578306e-16
2.28995463169e-16
2.28876349161e-16
2.21842587567e-16
2.21310015602e-16
1.9000134853e-16
1.89859046995e-16
1.87981492589e-16
1.87914471107e-16
1.87792074846e-16
1.87768040286e-16
1.87741994023e-16
1.87731088474e-16
1.87728970891e-16
1.87728970891e-16
1.87728970891e-16
1.87728970891e-16
1.87728970891e-16
1.87728970891e-16
1.87728970891e-16
1.87728970891e-16
1.87728970891e-16
1.87728970891e-16
1.87728970891e-16
1.87728970891e-16
1.87728970891e-16
1.87728970891e-16
1.87728970891e-16
1.87728970891e-16
1.87728970891e-16
1.87728970891e-16
1.87728970891e-16
1.87728970891e-16
1.87728970891e-16
1.87728970891e-16
1.87728970891e-16
1.87728970891e-16
1.87728970891e-16
1.87728970891e-16
1.87728970891e-16
1.87728970891e-16
1.87728970891e-16
1.87728970891e-16
1.87728970891e-16
1.87728970891e-16
1.87728970891e-16
1.87728970891e-16
1.87728970891e-16
1.87728970891e-16
1.87728970891e-16
1.87728970891e-16
1.87728970891e-16
1.87728970891e-16
1.87728970891e-16
1.87728970891e-16
1.87728970891e-16
1.87728970891e-16
1.87728970891e-16
1.87728970891e-16
1.87728970891e-16
1.87728970891e-16
1.87728970891e-16
1.87728970891e-16
1.87728970891e-16
1.87728970891e-16
1.87728970891e-16
1.87728970891e-16
1.87728970891e-16
1.87728970891e-16
1.87728970891e-16
1.87728970891e-16
1.87728970891e-16
1.87728970891e-16
1.87728970891e-16
1.87728970891e-16
1.87728970891e-16
1.87728970891e-16
1.87728970891e-16
1.87728970891e-16
1.87728970891e-16
1.87728970891e-16
1.87728970891e-16
1.87728970891e-16
1.87728970891e-16
1.87728970891e-16
1.87728970891e-16
1.87728970891e-16
1.87728970891e-16
1.87728970891e-16
1.87728970891e-16
1.87728970891e-16
1.87728970891e-16
1.87728970891e-16
1.87728970891e-16
1.87728970891e-16
1.87728970891e-16
1.87728970891e-16
1.87728970891e-16
1.87728970891e-16
1.87728970891e-16
1.87728970891e-16
1.87728970891e-16
1.87728970891e-16
1.87728970891e-16
1.87728970891e-16
1.87728970891e-16
1.87728970891e-16
1.87728970891e-16
1.87728970891e-16
1.87728970891e-16
1.87728970891e-16
1.87728970891e-16
1.87728970891e-16
1.87728970891e-16
1.87728970891e-16
1.87728970891e-16
1.87728970891e-16
1.87728970891e-16
1.87728970891e-16
1.87728970891e-16
1.87728970891e-16
1.87728970891e-16
1.87728970891e-16
1.87728970891e-16
1.87728970891e-16
1.87728970891e-16
1.87728970891e-16
1.87728970891e-16
1.87728970891e-16
1.87728970891e-16
1.87728970891e-16
1.87728970891e-16
1.87728970891e-16
1.87728970891e-16
1.87728970891e-16
1.87728970891e-16
1.87728970891e-16
1.87728970891e-16
1.87728970891e-16
1.87728970891e-16
1.87728970891e-16
1.87728970891e-16
1.87728970891e-16
1.87728970891e-16
1.87728970891e-16
1.87728970891e-16
1.87728970891e-16
1.87728970891e-16
1.87728970891e-16
1.87728970891e-16
1.87728970891e-16
1.87728970891e-16
1.87728970891e-16
1.87728970891e-16
1.87728970891e-16
1.87728970891e-16
1.87728970891e-16
1.87728970891e-16
1.87728970891e-16
1.87728970891e-16
1.87728970891e-16
1.87728970891e-16
1.87728970891e-16
1.87728970891e-16
1.87728970891e-16
1.87728970891e-16
1.87728970891e-16
1.87728970891e-16
1.87728970891e-16
1.87728970891e-16
1.87728970891e-16
1.87728970891e-16
1.87728970891e-16
1.87728970891e-16
1.87728970891e-16
1.87728970891e-16
1.87728970891e-16
1.87728970891e-16
1.87728970891e-16
1.87728970891e-16
1.87728970891e-16
1.87728970891e-16
1.87728970891e-16
1.87728970891e-16
1.87728970891e-16
1.87728970891e-16
1.87728970891e-16
1.87728970891e-16
1.87728970891e-16
1.87728970891e-16
1.87728970891e-16
1.87728970891e-16
1.87728970891e-16
1.87728970891e-16
1.87728970891e-16
1.87728970891e-16
1.87728970891e-16
1.87728970891e-16
1.87728970891e-16
1.87728970891e-16
1.87728970891e-16
1.87728970891e-16
1.87728970891e-16
1.87728970891e-16
1.87728970891e-16
1.87728970891e-16
1.87728970891e-16
1.87728970891e-16
1.87728970891e-16
1.87728970891e-16
1.87728970891e-16
1.87728970891e-16
1.87728970891e-16
1.87728970891e-16
1.87728970891e-16
1.87728970891e-16
1.87728970891e-16
1.87728970891e-16
1.87728970891e-16
1.87728970891e-16
1.87728970891e-16
-6.56005841825e-18
-6.56005841825e-18
-6.56005841825e-18
-6.56005841825e-18
-3.09061146629e-18
-5.86017626976e-17
-1.14112913929e-16
-3.36157518854e-16
