-5.20079838977e-15
-4.38935109657e-15
-4.38154484093e-15
-3.4504218508e-15
-2.90702311009e-15
-2.90745340282e-15
-2.90528838661e-15
-2.90571867935e-15
-2.90528838661e-15
-2.89184089154e-15
-2.8914105988e-15
-2.87796310373e-15
-2.87752942286e-15
-2.8779597156e-15
-2.86365163506e-15
-2.86408192779e-15
-2.86365163506e-15
-2.85020413998e-15
-2.84977384725e-15
-2.85020413998e-15
-2.84977384725e-15
-2.85020413998e-15
-2.84977384725e-15
-2.85020413998e-15
-2.84977384725e-15
-2.85020413998e-15
-2.84977384725e-15
-2.85020413998e-15
-2.84977384725e-15
-2.85020413998e-15
-2.84977384725e-15
-2.85020413998e-15
-2.84977384725e-15
-2.85020413998e-15
-2.84977384725e-15
-2.85020413998e-15
-2.84977384725e-15
-2.85020413998e-15
-2.84977384725e-15
-2.85020413998e-15
-2.84977384725e-15
-2.85020413998e-15
-2.84977384725e-15
-2.85020413998e-15
-2.84977384725e-15
-2.85020413998e-15
-2.84977384725e-15
-2.85020413998e-15
-2.84977384725e-15
-2.85020413998e-15
-2.84977384725e-15
-2.85020413998e-15
-2.84977384725e-15
-2.85020413998e-15
-2.84977384725e-15
-2.85020413998e-15
-2.84977384725e-15
-2.85020413998e-15
-2.84977384725e-15
-2.85020413998e-15
-2.84977384725e-15
-2.85020413998e-15
-2.84977384725e-15
-2.85020413998e-15
-2.84977384725e-15
-2.85020413998e-15
-2.84977384725e-15
-2.85020413998e-15
-2.84977384725e-15
-2.85020413998e-15
-2.84977384725e-15
-2.85020413998e-15
-2.84977384725e-15
-2.85020413998e-15
-2.84977384725e-15
-2.85020413998e-15
-2.84977384725e-15
-2.85020413998e-15
-2.84977384725e-15
-2.85020413998e-15
-2.84977384725e-15
-2.85020413998e-15
-2.84977384725e-15
-2.85020413998e-15
-2.84977384725e-15
-2.85020413998e-15
-2.84977384725e-15
-2.85020413998e-15
-2.84977384725e-15
-2.85020413998e-15
-2.84977384725e-15
-2.85020413998e-15
-2.84977384725e-15
-2.85020413998e-15
-2.84977384725e-15
-2.85020413998e-15
-2.84977384725e-15
-2.85020413998e-15
-2.84977384725e-15
-2.85020413998e-15
-2.84977384725e-15
-2.85020413998e-15
-2.84977384725e-15
-2.85020413998e-15
-2.84977384725e-15
-2.85020413998e-15
-2.84977384725e-15
-2.85020413998e-15
-2.84977384725e-15
-2.85020413998e-15
-2.84977384725e-15
-2.85020413998e-15
-2.84977384725e-15
-2.85020413998e-15
-2.84977384725e-15
-2.85020413998e-15
-2.84977384725e-15
-2.85020413998e-15
-2.84977384725e-15
-2.85020413998e-15
-2.84977384725e-15
-2.85020413998e-15
-2.84977384725e-15
-2.85020413998e-15
-2.84977384725e-15
-2.85020413998e-15
-2.84977384725e-15
-2.85020413998e-15
-2.84977384725e-15
-2.85020413998e-15
-2.84977384725e-15
-2.85020413998e-15
-2.84977384725e-15
-2.84673808116e-15
-2.84283156521e-15
-2.84326185795e-15
-2.84282140082e-15
-2.84325508169e-15
-2.84282140082e-15
-2.84325508169e-15
-2.84282140082e-15
-2.84325508169e-15
-2.84282140082e-15
-2.84325508169e-15
-2.84282140082e-15
-2.84325508169e-15
-2.84282140082e-15
-2.84325508169e-15
-2.84282140082e-15
-2.84325508169e-15
-2.84282140082e-15
-2.84325508169e-15
-2.84282140082e-15
-2.84325508169e-15
-2.84282140082e-15
-2.84325508169e-15
-2.84282140082e-15
-2.84325508169e-15
-2.84282140082e-15
-2.84325508169e-15
-2.84282140082e-15
-2.84325508169e-15
-2.84282140082e-15
-2.84325508169e-15
-2.84282140082e-15
-2.84325508169e-15
-2.84282140082e-15
-2.84325508169e-15
-2.84282140082e-15
-2.84325508169e-15
-2.84282140082e-15
-2.84325508169e-15
-2.84282140082e-15
-2.84325508169e-15
-2.84282140082e-15
-2.84325508169e-15
-2.84282140082e-15
-2.84325508169e-15
-2.84282140082e-15
-2.84325508169e-15
-2.84282140082e-15
-2.84325508169e-15
-2.84282140082e-15
-2.84325508169e-15
-2.84282140082e-15
-2.84325508169e-15
-2.84282140082e-15
-2.84325508169e-15
-2.84282140082e-15
-2.84325508169e-15
-2.84282140082e-15
-2.84325508169e-15
-2.84282140082e-15
-2.84325508169e-15
-2.84282140082e-15
-2.84325508169e-15
-2.84282140082e-15
-2.84325508169e-15
-2.84282140082e-15
-2.84325508169e-15
-2.84282140082e-15
-2.84325508169e-15
-2.84282140082e-15
-2.84325508169e-15
-2.84282140082e-15
-2.84325508169e-15
-2.84282140082e-15
-2.84325508169e-15
-2.84282140082e-15
-2.84325508169e-15
-2.84282140082e-15
-2.84325508169e-15
-2.84282140082e-15
-2.84325508169e-15
-2.84282140082e-15
-2.84325508169e-15
-2.84282140082e-15
-2.84325508169e-15
-2.84282140082e-15
-2.84325508169e-15
-2.84282140082e-15
-2.84325508169e-15
-2.84282140082e-15
-2.84325508169e-15
-2.84282140082e-15
-2.84325508169e-15
-2.84282140082e-15
-2.84325508169e-15
-2.84282140082e-15
-2.84325508169e-15
-2.84282140082e-15
-2.84325508169e-15
-2.84282140082e-15
-2.84325508169e-15
-2.84282140082e-15
-2.84325508169e-15
-2.84282140082e-15
-2.84325508169e-15
-2.84282140082e-15
-2.84325508169e-15
-2.84282140082e-15
-2.84325508169e-15
-2.39873219097e-15
-1.51098745214e-15
2.93727679762e-15
2.91240855615e-14
1.70776259514e-13
9.39022433368e-13
5.08295346323e-12
2.73695186229e-11
1.48101823089e-10
8.11603547546e-10
3.53033648668e-09
5.71520170502e-09
7.13177685162e-09
1.20731464168e-08
2.55993093565e-08
3.25644918234e-08
3.5316756219e-08
4.04429888886e-08
4.88411852922e-08
5.29083987386e-08
5.73497910605e-08
7.10243841375e-08
8.69237542141e-08
9.29840377889e-08
9.8195964944e-08
1.09433336052e-07
1.18511974312e-07
1.24236734799e-07
1.35293367098e-07
1.59466145394e-07
1.73429437242e-07
1.80921524824e-07
1.92107383288e-07
2.08420321672e-07
2.18068192586e-07
2.28390437514e-07
2.53069800669e-07
2.81450896189e-07
2.94704688498e-07
3.06505794749e-07
3.27603935028e-07
3.45694010975e-07
3.58591907554e-07
3.79828281521e-07
4.21785404875e-07
4.48242814275e-07
4.64427257105e-07
4.86180605088e-07
5.16109031552e-07
5.35919982195e-07
5.56782065261e-07
5.99983156269e-07
6.49761595609e-07
6.76023644056e-07
6.99741806576e-07
7.37887559322e-07
7.72198348423e-07
7.98173173748e-07
8.36463707368e-07
9.07177252503e-07
9.55475390976e-07
9.87658143956e-07
1.02745068224e-06
1.08027743072e-06
1.1181942271e-06
1.15734174315e-06
1.2294633091e-06
1.31469253741e-06
1.36405870698e-06
1.40922576462e-06
1.47497289239e-06
1.5364735424e-06
1.58526407232e-06
1.65136851331e-06
1.76847552573e-06
1.85398052582e-06
1.91362326095e-06
1.9841252155e-06
2.07586308007e-06
2.1460090159e-06
2.21712405018e-06
2.33663051154e-06
2.47919120214e-06
2.56782382016e-06
2.64860832824e-06
2.76104773673e-06
2.86861943372e-06
2.95708418228e-06
3.07113908641e-06
3.26146099352e-06
3.40691959381e-06
3.51264916212e-06
3.63425753966e-06
3.78758925522e-06
3.90953624377e-06
4.03460695593e-06
4.23391377491e-06
4.46862562057e-06
4.62357427484e-06
4.765288531e-06
4.95113865784e-06
5.13248951988e-06
5.28676718489e-06
5.48118905417e-06
5.78899722487e-06
6.03306817342e-06
6.21869613998e-06
6.42564281386e-06
6.6804460269e-06
6.89288497641e-06
7.11086532373e-06
7.4320261687e-06
7.80945157008e-06
8.07235581847e-06
8.31569761423e-06
8.62566299366e-06
8.93022904923e-06
9.19675520891e-06
9.52175137436e-06
1.001166108e-05
1.04124228156e-05
1.07291782704e-05
1.10777169418e-05
1.14966595205e-05
1.18577705618e-05
1.22248344143e-05
1.27414488297e-05
1.33474745259e-05
1.37926086329e-05
1.42063147749e-05
1.47085411146e-05
1.52120848023e-05
1.56662300738e-05
1.6200931539e-05
1.69766023122e-05
1.76373195404e-05
1.81772268189e-05
1.87535601055e-05
1.94346360065e-05
2.00422195237e-05
2.06604528147e-05
2.14886238552e-05
2.24584429206e-05
2.32022278861e-05
2.38947872705e-05
2.47142334629e-05
2.55468249188e-05
2.63067814022e-05
2.71807577232e-05
2.84037184166e-05
2.94757485372e-05
3.03722636348e-05
3.13254120737e-05
3.24352425026e-05
3.3441339566e-05
3.44587282266e-05
3.57761555845e-05
3.73138927144e-05
3.85434578346e-05
3.96988550796e-05
4.10359082815e-05
4.24054933418e-05
4.36666259891e-05
4.50900443537e-05
4.702036351e-05
4.87659700041e-05
5.02545556212e-05
5.18090269967e-05
5.35906326525e-05
5.52493481249e-05
5.69256136807e-05
5.90217600801e-05
6.14533799689e-05
6.34532063751e-05
6.53682545434e-05
6.75325424879e-05
6.97503769015e-05
7.1848939602e-05
7.41865036167e-05
7.72132809782e-05
8.0002165762e-05
8.24569817919e-05
8.50152795378e-05
8.78860161214e-05
9.05952000446e-05
9.33643883728e-05
9.6705110225e-05
0.0001005244537
0.00010379417772
0.000106946052224
0.000110430137724
0.000114020592396
0.000117474830931
0.000121266358648
0.000126002684166
0.000130467651957
0.000134490063841
0.000138640629993
0.000143238233379
0.000147681247274
0.000152258554286
0.000157622174816
0.000163645448498
0.000168956937683
0.000174091259262
0.000179651590575
0.000185452300938
0.000191137492086
0.000197284624773
0.000204703789078
0.000211840604338
0.00021842541853
0.000225182035688
0.000232576503978
0.000239829788873
0.000247293609963
0.000255836088583
0.000265316341563
0.000273899532912
0.000282317849952
0.000291358750827
0.000300724483862
0.000309987943881
0.000319871890957
0.000331530369315
0.000342934267838
0.000353632621522
0.000364587881045
0.000376464049187
0.000388252622491
0.000400351798004
0.000414014377032
0.00042902428964
0.00044290093686
0.000456525831881
0.000471080875354
0.00048622237801
0.000501349381048
0.000517253356614
0.000535623270095
0.000553840104578
0.000571145672731
0.000588905319147
0.000608043962952
0.000627215264952
0.000646812361626
0.000668592557708
0.00069220033321
0.000714492867214
0.000736617914392
0.00076020580451
0.000784679921308
0.000809149949314
0.000834761202382
0.000863839436621
0.000892879586639
0.000920852684452
0.000949555315111
0.000980347985996
0.00101130562013
0.00104290241608
0.00107773146953
0.0011151407209
0.00115086047298
0.00118652425022
0.00122447288918
0.00126381020791
0.00130329454558
0.00134483798917
0.0013912221632
0.00143748186853
0.00148252324948
0.00152870765578
0.00157801175058
0.00162773673365
0.00167852014391
0.00173400399822
0.00179306452528
0.00185031291786
0.00190796101326
0.0019689834511
0.00203187327904
0.00209527319779
0.00216219961407
0.00223549910747
0.00230863489301
0.00238085773
0.00245566259743
0.002534841258
0.00261416261638
0.00269550307592
0.00278411168338
0.00287724809675
0.00296813743104
0.00306044481477
0.00315855968916
0.00325870280461
0.00335992087503
0.00346692390398
0.00358300522916
0.00369839439175
0.003813730331
0.00393347010711
0.00405906717335
0.00418527529793
0.00431551460844
0.00445625145163
0.0046022437751
0.00474636314977
0.00489404155749
0.00504980463026
0.00520816978436
0.0053693518375
0.00553880505756
0.00572030026098
0.00590135977406
0.00608396256689
0.00627407547307
0.00647140226092
0.00667054517331
0.00687755418727
0.00709984096565
0.00732630567448
0.00755302197244
0.00778665968251
0.00803103410202
0.00827856590605
0.00853280034144
0.00880078328705
0.00908233520067
0.00936450253241
0.0096518852142
0.00995009147592
0.010256347722
0.0105676401365
0.0108914678659
0.0112361192629
0.0115856125315
0.0119383068524
0.0123028422001
0.0126802880674
0.0130638268917
0.0134591726275
0.0138754038133
0.0143064348954
0.0147407287472
0.0151856481448
0.0156460769114
0.0161170716957
0.0165971440974
0.0170958407068
0.0176207278691
0.0181534471351
0.0186947427435
0.0192530019443
0.0198272915189
0.0204128274136
0.0210173374056
0.021649681247
0.02229933013
0.0229582850534
0.0236337363319
0.02432929463
0.0250395238547
0.0257667040208
0.0265205971917
0.0273072140492
0.0281042997308
0.0289176845072
0.0297545420791
0.0306127873502
0.0314896361711
0.0323923583058
0.033331136812
0.0342928624295
0.0352680744654
0.0362670398767
0.0372960319017
0.0383453056544
0.0394230934891
0.0405388167506
0.0416905713525
0.0428584827752
0.0440484783553
0.0452696145324
0.046521972346
0.0478003891066
0.0491138416933
0.0504770207189
0.0518656652622
0.0532749965952
0.0547197283486
0.0562003383443
0.057710581802
0.059259561912
0.060860748214
0.0625001427832
0.0641641813227
0.0658610310674
0.0676010940229
0.0693763359732
0.0711862139726
0.0730464272506
0.0749695573944
0.0769177885367
0.0788967639457
0.0809229456498
0.0829937699507
0.085103794012
0.0872629641039
0.089488586362
0.0917595326458
0.0940595035249
0.096401241163
0.0987969058722
0.101234711102
0.10372262847
0.106280210712
0.10890394932
0.111555972354
0.114248520027
0.117000633973
0.119802150825
0.122651757938
0.125566948508
0.128564564582
0.131609321999
0.134688725753
0.137818312901
0.141009717963
0.144249923513
0.147557661909
0.150954736998
0.154410727409
0.157906900706
0.161454121756
0.165064124967
0.168726987544
0.172450861188
0.176263559678
0.180159615835
0.184094078964
0.188077562512
0.192126795802
0.196243873551
0.200416551918
0.204667995947
0.209014928144
0.213415599963
0.217861468831
0.222368437848
0.226951513074
0.231593686262
0.236306322122
0.241112079437
0.245995691161
0.250922651589
0.255908264686
0.260969724542
0.266101733667
0.271293720683
0.276564839059
0.28193778947
0.287360885363
0.292832771796
0.298379896199
0.304006046745
0.30969154481
0.315448273125
0.321301204633
0.327234352983
0.33320631534
0.3392396995
0.345355494851
0.351535340858
0.357780459915
0.364112838103
0.370545877251
0.377023964624
0.383552288026
0.390154480397
0.396828636623
0.403560547778
0.410368425276
0.417279919178
0.424258659341
0.431276958349
0.438355436642
0.445511258005
0.452723655298
0.460003117782
0.467378274319
0.474843525716
0.482342267799
0.489889052316
0.497505107431
0.505184213398
0.512920008271
0.520737771768
0.528658394554
0.536623958034
0.54462456296
0.552683414418
0.560811656307
0.568987312074
0.577228147064
0.585563751245
0.593972591604
0.602406307184
0.610883491674
0.619426306437
0.628020686563
0.636665205328
0.645386407429
0.654200702453
0.663042514276
0.671912502445
0.680835617976
0.68981683134
0.698836381663
0.707915804837
0.717084230917
0.726305164564
0.735539793295
0.744810705632
0.754138632859
0.763502739169
0.772909485789
0.782387521379
0.791942934451
0.801508620781
0.811093462856
0.820722725458
0.830395476853
0.840095510308
0.849846799776
0.859678258516
0.869539651776
0.879402415563
0.889291502835
0.899226120904
0.909182130521
0.919171162563
0.92922351685
0.939333836492
0.949436182671
0.959545763312
0.969689042184
0.979859483567
0.990046203893
1.00027544832
1.01057384293
1.02087822964
1.03117010858
1.04147545397
1.05181080957
1.06215205718
1.07251616609
1.08293534673
1.09339359681
1.10382754539
1.11425525747
1.12470269819
1.13515854046
1.1456168067
1.15610653841
1.16665250483
1.17718406098
1.18769066387
1.198198627
1.20872067485
1.21923254898
1.22975437131
1.24031920252
1.25090253776
1.26144565194
1.27196963782
1.28250060959
1.29302313467
1.30353497774
1.31406658042
1.32463884209
1.33517709092
1.34567634828
1.35616385362
1.36665003122
1.37711119231
1.38756978937
1.3980595106
1.40854829015
1.41898139331
1.42938203212
1.43977638338
1.45014642344
1.46049303401
1.4708475854
1.48122777555
1.49155557132
1.50183034908
1.51208045129
1.52231435886
1.53251007116
1.54269157731
1.55289222324
1.56307494911
1.57318715291
1.5832529026
1.59329920554
1.60330641589
1.61327829255
1.62324714504
1.63322827827
1.64314211678
1.65298954611
1.66279935187
1.67257911151
1.68230767265
1.69201020931
1.70172098844
1.71140010315
1.72099590221
1.73053313069
1.74003881205
1.74949214382
1.75889771017
1.76828942614
1.77768244976
1.78699575288
1.79623093353
1.80541683237
1.81456105663
1.82364191407
1.83268599779
1.84172888637
1.85072917954
1.85963459851
1.86846978265
1.87726296029
1.88599308032
1.89466519011
1.90331414852
1.91195506819
1.92050583546
1.92896715667
1.9373693547
1.94572071042
1.95399957763
1.96223260944
1.9704544274
1.97862497799
1.98669212251
1.9946796161
2.00261497898
2.0104792334
2.01827833898
2.02604534685
2.03379520494
2.04144781417
2.04900257847
2.05648916109
2.06391818798
2.07126713425
2.07856141021
2.08583668132
2.09305591117
2.10016473128
2.10718453148
2.11414355385
2.12102784981
2.12783937366
2.1346101129
2.14135793657
2.14800282788
2.15454601275
2.16101247669
2.16741187014
2.17372721458
2.17998235655
2.18621077002
2.19238019652
2.19843159536
2.20438913485
2.2102807469
2.21609015693
2.22181948939
2.22750317896
2.23315864206
2.2387102964
2.24415163045
2.24950965821
2.25479800666
2.25999469988
2.26512344323
2.27021983244
2.27526009665
2.28017254899
2.28498465345
2.28972562897
2.29438274247
2.29895181536
2.30346445574
2.30794865596
2.31232870789
2.31659067322
2.32075857557
2.32485399528
2.32885732344
2.33278466459
2.33666542149
2.34048949974
2.34418818275
2.3477793686
2.3512882941
2.35470576123
2.35803401722
2.36129934425
2.36452490442
2.36764518252
2.37064325128
2.37354308087
2.37636041171
2.37907707296
2.38170914908
2.38429207956
2.38681210796
2.38920065279
2.39147548396
2.3936606109
2.39574944656
2.39773777653
2.39965354359
2.40152258297
2.4032849662
2.40491714222
2.40644411585
2.40787991137
2.40920665445
2.4104421202
2.41161516695
2.41271526884
2.41368475345
2.41453527712
2.41528437778
2.41593123031
2.41646839455
2.41692272117
2.41730877504
2.41759181674
2.41774158652
2.4177778447
2.41771457463
2.41754426667
2.41726760041
2.41690080127
2.41644963255
2.41587543222
2.4151773348
2.41437754451
2.41346450931
2.41244086661
2.41131501636
2.41006240072
2.4086783206
2.40720734176
2.40564685935
2.40397367603
2.402184985
2.40029325842
2.39828016891
2.39611948783
2.39383437796
2.39148456828
2.38904550169
2.38648635931
2.3838079835
2.38102218166
2.37809853819
2.37501414724
2.37183677389
2.36860258618
2.36527198612
2.36181039011
2.35824053515
2.35454998215
2.35070415215
2.34670098548
2.34265133107
2.3385382414
2.33431499602
2.32996205625
2.32550913535
2.3209171304
2.31614967939
2.31127406841
2.30637596911
2.30140241096
2.29630187412
2.291095101
2.28577851384
2.28030122735
2.27464667138
2.26896367472
2.26325602375
2.25745205112
2.25151837661
2.24550439455
2.2393592855
2.23302864363
2.22657353283
2.22014851007
2.21367891118
2.20709182422
2.20040573672
2.1936342738
2.18670440831
2.17958083504
2.17245114813
2.16534719616
2.15817521413
2.15087884493
2.14352373001
2.13605554958
2.12839879974
2.12060678216
2.11290144347
2.1051957737
2.0973886296
2.08949398565
2.08154416476
2.07344498096
2.06513710961
2.05684972504
2.048650893
2.04041623225
2.03206466738
2.02368426519
2.01521410639
2.00654883423
1.99773957651
1.98908202493
1.98047315425
1.97178256878
1.9630208334
1.95423704102
1.94530954127
1.93615569562
1.92705549071
1.91811231943
1.90916546874
1.90011101686
1.89105870715
1.88193736641
1.87261392857
1.8631371041
1.85388047658
1.84472197555
1.83549991752
1.8262221422
1.8169558402
1.80754924793
1.79789029525
1.78831978763
1.77897613693
1.76966275017
1.76024796354
1.75086184743
1.74142553653
1.73177218848
1.72195003381
1.71242138837
1.7030418007
1.69361073526
1.68413358852
1.67469651339
1.6651201173
1.65526096393
1.64552316906
1.6360806087
1.62669417345
1.61720745424
1.60777960692
1.5983113808
1.58860193004
1.57870430566
1.56917760446
1.55984620593
1.55046626009
1.54104770484
1.53169610777
1.52219382497
1.51237353785
1.50270786305
1.4934042573
1.48417884532
1.47484455917
1.46559360409
1.45631239226
1.4467599178
1.43699769779
1.42767734786
1.41859001972
1.40945502974
1.40028769331
1.39121003303
1.38196577865
1.37235744958
1.36294124415
1.35394881713
1.34504918015
1.33602943631
1.32711632683
1.31817301676
1.30892070574
1.29943977726
1.2904731627
1.28177372736
1.2730192867
1.26423400821
1.25555460397
1.24668955311
1.23741166148
1.22836531553
1.21980053256
1.21133879217
1.20274089477
1.19426712694
1.18576003586
1.17690653866
1.16780451132
1.15928620085
1.15106160328
1.14276765675
1.13444724895
1.1262477761
1.11783855557
1.1089719267
1.10037607978
1.09230608174
1.08434222167
1.07622720247
1.06825719966
1.06024724124
1.05185155756
1.04319106468
1.03517830072
1.02747750261
1.01969227068
1.01188381418
1.00420630851
0.996293938798
0.987877232208
0.979778519965
0.972247678594
0.964817582965
0.957217772372
0.949782742791
0.942297404439
0.934382197135
0.926203687538
0.918726975053
0.91156995618
0.904310528159
0.897038540828
0.889902082462
0.882505130853
0.874565470561
0.866990979116
0.860006997104
0.853114610595
0.846042104826
0.83915225207
0.832200146221
0.824779111929
0.817104056294
0.810175878184
0.803567382523
0.796835163913
0.790099962474
0.783501343468
0.776616776171
0.769161548227
0.762125037636
0.755693884858
0.749339408727
0.742790686766
0.736440588109
0.730010646551
0.723075581308
0.715912280064
0.709534940061
0.703467276095
0.697251920303
0.691047802658
0.684977457373
0.678595243492
0.671624077601
0.665129076371
0.659236072143
0.65339856362
0.647364262052
0.641542174732
0.635623597783
0.629170011986
0.622521902829
0.616680190282
0.61113286786
0.605417939903
0.599734169239
0.594175361747
0.588284307472
0.581795301247
0.575833866653
0.570463077946
0.565122845456
0.559587429628
0.554275857876
0.548847388249
0.54285957656
0.536737638936
0.531416394833
0.526365451841
0.521131334094
0.515954273963
0.510889940232
0.505466665209
0.499460762897
0.494036180512
0.489163430109
0.484294078999
0.47924111205
0.474423921478
0.469470092088
0.463936071027
0.458339671338
0.453531405742
0.448959967048
0.444188613589
0.439498850372
0.43490059387
0.429936726176
0.424407561363
0.419506998541
0.415123162338
0.410708326742
0.406133614351
0.401790179017
0.397292121547
0.392212307784
0.387148232095
0.382832552654
0.378714816898
0.374386970794
0.370171864501
0.366031089509
0.361508675106
0.356475735933
0.352103925233
0.34819082838
0.344217765228
0.340113956572
0.336226458313
0.332160641257
0.32752309646
0.322990884057
0.319157776866
0.315487591442
0.311611968319
0.307877044238
0.304183710611
0.300093153646
0.295561969849
0.291706712111
0.288236040631
0.284685584558
0.281042190522
0.277611006461
0.273986990225
0.269800292991
0.265823567605
0.262472839092
0.259229504349
0.255781873763
0.252501596346
0.249246512747
0.245591420046
0.241575710141
0.238233866189
0.235213845328
0.232081721597
0.228906605585
0.225913162823
0.222710849033
0.21898275171
0.215554641195
0.212676719691
0.209857959708
0.206855034931
0.204033362714
0.201192201485
0.197955356009
0.194467530586
0.191620364983
0.189030397836
0.186314079801
0.183606476908
0.181045927321
0.1782617941
0.175003678551
0.172109965326
0.16967413087
0.167261305235
0.164690561393
0.162311417076
0.159883708544
0.157057744214
0.154115514686
0.151761658862
0.149586700748
0.147269754378
0.145003193271
0.142846159069
0.140466367639
0.137677821125
0.135288634967
0.133275832025
0.131250510158
0.129108325563
0.127147240224
0.125111497879
0.122694958868
0.120276352473
0.118356020879
0.11655880573
0.114624862461
0.112776995075
0.111004746499
0.109004302426
0.106672684407
0.104768965269
0.103145238599
0.101474139404
0.0997266123542
0.098141118694
0.0964657074418
0.0944418100903
0.0924923297128
0.0909646313053
0.0895189549154
0.0879437932414
0.0864739792395
0.0850441055823
0.083389819349
0.0814950005473
0.0800021393653
0.0787121038315
0.0773603257303
0.0759715311559
0.0747181737008
0.0733650683483
0.0717003626057
0.0701851184484
0.0690000511381
0.0678521678117
0.0665939905145
0.0654489029914
0.0643169336757
0.0629707449737
0.0614634748688
0.0603164820317
0.0593151778952
0.0582430046504
0.0571657070256
0.0561922410152
0.0551179796017
0.0537756048477
0.0526128894691
0.0517099438702
0.0508168416057
0.049833857941
0.0489606206207
0.0480790504366
0.0469999319838
0.0458293355006
0.044969175385
0.04420415846
0.0433655990978
0.0425468313888
0.0418021945468
0.0409579563325
0.0398973142452
0.0390196369798
0.038338175352
0.03765200518
0.0368998054543
0.0362438756099
0.035568579891
0.0347121094773
0.0338231810122
0.0331848692443
0.032609068737
0.0319633241338
0.0313520243157
0.0307912593122
0.0301368784033
0.0293129257029
0.0286692610079
0.0281638191679
0.0276401628753
0.0270703376462
0.0265835765041
0.0260720140155
0.0254037196726
0.0247397402959
0.0242710372215
0.0238404733041
0.0233484087758
0.0228978496444
0.0224809085238
0.0219762804964
0.0213438031704
0.020876752995
0.0205057006518
0.0201101515509
0.0196873237562
0.0193321502552
0.0189459292755
0.0184267449889
0.0179430206313
0.0176045171778
0.0172854267175
0.0169153333842
0.0165881500119
0.0162793930378
0.0158904123677
0.0154140648444
0.0150792874085
0.0148105614386
0.0145131357759
0.0142032028063
0.013943868012
0.0136538800147
0.0132537926981
0.0129050296848
0.01266404441
0.0124298936423
0.012154219965
0.0119208922364
0.0116940205395
0.011395835136
0.0110440041084
0.0108092511993
0.0106145328402
0.0103915581215
0.0101694952652
0.00998225387045
0.00976348810705
0.00945992451434
0.00921268968973
0.00904072945678
0.00886761955272
0.00866503539319
0.00849813456061
0.00833246654721
0.00810607343021
0.00784964125969
0.00768606934229
0.00754717843919
0.00738145013103
0.00722264824007
0.00708871880248
0.00692635458261
0.00669776428717
0.00652615081636
0.00640514340562
0.0062776259847
0.00613013544274
0.00601272758161
0.00589162957666
0.00571872617016
0.00553701140198
0.00542302039813
0.00532243913456
0.00519978637588
0.00508881708422
0.00499340824285
0.00487190906851
0.00470301818346
0.00458549359225
0.00450072500808
0.0044070642903
0.00430161866596
0.00422014666863
0.00413208485969
0.00400108151825
0.00387458299097
0.00379610074565
0.00372361991467
0.00363387022826
0.00355716138048
0.00348906981537
0.00339766421247
0.00327570903483
0.00319587566277
0.0031363741222
0.00306793199052
0.00299438902269
0.00293759428188
0.00287279756678
0.00277419320219
0.00268802540216
0.0026343739276
0.00258252076729
0.00251725796524
0.00246471954187
0.00241595324217
0.0023470223586
0.00225982200265
0.0022067800729
0.00216554945754
0.00211565994991
0.00206441667494
0.00202488702126
0.00197825321123
0.0019061238028
0.00184754897365
0.00181109934518
0.00177404677923
0.00172774010759
0.00169185850155
0.00165741480739
0.00160621929728
0.00154543115031
0.00151025694155
0.00148130351937
0.00144471279858
0.00141022816664
0.00138303692137
0.00134856805786
0.00129497406694
0.00125730139317
0.001232941008
0.0012061382745
0.00117379414123
0.00114996018476
0.00112525549372
0.00108610532147
0.00104580469541
0.0010226703322
0.00100215009993
0.00097533461055
0.000952578684898
0.000933541104787
0.000907137796466
0.000869446625259
0.000845852160687
0.000829342160492
0.000809657333928
0.000787907595315
0.000772181629978
0.000754079471
0.000724390841508
0.000698780271548
0.000684029118484
0.000669575266054
0.000650580918789
0.000636034707223
0.000622743258005
0.000602546149919
0.000576641553226
0.000562370599278
0.000551087257545
0.000536403848271
0.000522317764733
0.000511719699716
0.000498086554018
0.000475945899337
0.000460616329053
0.000451159418268
0.000440491017567
0.000427281883351
0.00041799613415
0.000408481599232
0.000392586652656
0.000376424355051
0.000367698702834
0.000359932514304
0.000349224034687
0.000340380896587
0.000333098815474
0.00032241223126
0.000307070985316
0.000298126828244
0.00029191421488
0.000283992779328
0.00027559083275
0.000269657652194
0.000262529891137
0.000250393925202
0.000241077476054
0.000235707276593
0.000229957429577
0.000222534335696
0.000217254277568
0.000212203041471
0.00020368497105
0.000194173999144
0.0001892106632
0.00018498546681
0.000179088596348
0.000174088816414
0.000170058758117
0.00016420350891
0.000155583316854
0.000150542165944
0.000147153582057
0.000142853121848
0.000138182850639
0.000134954914678
0.000131081976516
0.000124314298035
0.000119201168221
0.000116405991965
0.000113357607985
0.000109248436872
0.000106347853115
0.00010361007245
9.88398792316e-05
9.36276612404e-05
9.10691605185e-05
8.88662121899e-05
8.55779196651e-05
8.28755421344e-05
8.08243359776e-05
7.77114403967e-05
7.30457792628e-05
7.04032872181e-05
6.86142399649e-05
6.62502506832e-05
6.38682643993e-05
6.22589025288e-05
6.01475764386e-05
5.63748541419e-05
5.38335960607e-05
5.23374226131e-05
5.06220785136e-05
4.85126402859e-05
4.71833621263e-05
4.57458526531e-05
4.30026790928e-05
4.05701773298e-05
3.93215322543e-05
3.80600683763e-05
3.62899261492e-05
3.50833093742e-05
3.40358203888e-05
3.21410734034e-05
2.99001738357e-05
2.88467199468e-05
2.79348857106e-05
2.65973530346e-05
2.55757761129e-05
2.48126241182e-05
2.35208565235e-05
2.15792124812e-05
2.06314611114e-05
1.99368528922e-05
1.89401581362e-05
1.80338147083e-05
1.7453419605e-05
1.65710657466e-05
1.50144669967e-05
1.41305867857e-05
1.36152703408e-05
1.28788795214e-05
1.2093155366e-05
1.16500135956e-05
1.1062896401e-05
9.83858514327e-06
9.04142764764e-06
8.66303021015e-06
8.13962542119e-06
7.46841206502e-06
7.12660679007e-06
6.74200571188e-06
5.84228202307e-06
5.14625100818e-06
4.87096023538e-06
4.55764563348e-06
4.07517441071e-06
3.81838039546e-06
3.5707780938e-06
2.94282015569e-06
2.36580637788e-06
2.1685875239e-06
1.96860941626e-06
1.61753332095e-06
1.43331810041e-06
1.28322602325e-06
8.45446300679e-07
3.87810042875e-07
2.6745061395e-07
1.97169834551e-07
7.08559481075e-08
1.31735795033e-08
2.46804218441e-09
4.66732589677e-10
8.87358165221e-11
1.68799332227e-11
3.20701277929e-12
6.10628434207e-13
1.18885301133e-13
2.58146791322e-14
8.13553553115e-15
4.79941123422e-15
4.16735380638e-15
4.04756689667e-15
4.0248660034e-15
4.0205628378e-15
4.01974703919e-15
4.01959201893e-15
4.11673333074e-15
4.11672729563e-15
4.03345821297e-15
4.03345662479e-15
4.03345514248e-15
3.92243072243e-15
3.92242839309e-15
3.92241357002e-15
3.82526842009e-15
3.82526714954e-15
3.82526651426e-15
3.71424336477e-15
3.71424209422e-15
3.82527032591e-15
3.82526947888e-15
3.82527583163e-15
3.7281306817e-15
3.72812327016e-15
3.72812263488e-15
3.72812157609e-15
3.61710583813e-15
3.61710562638e-15
3.50613075776e-15
3.52000812205e-15
3.52000896908e-15
3.40898666662e-15
3.42287123069e-15
3.42287123069e-15
3.33960535088e-15
3.45062765334e-15
3.45062087708e-15
3.35347636242e-15
3.35346873913e-15
3.35346873913e-15
3.35346873913e-15
3.2702024358e-15
3.2702024358e-15
3.17305792114e-15
3.17305792114e-15
3.17305792114e-15
3.06203561868e-15
3.06203561868e-15
3.06202121912e-15
2.95099891666e-15
2.92324418807e-15
2.92324418807e-15
2.93712282291e-15
2.8538493198e-15
2.85384254354e-15
2.74282024108e-15
2.75670480515e-15
2.75669802889e-15
2.75669125262e-15
2.75669125262e-15
2.6456418451e-15
2.64561389302e-15
2.5345644855e-15
2.68722015139e-15
2.68722015139e-15
2.68722015139e-15
2.57619191969e-15
2.57619191969e-15
2.46516961723e-15
2.4651687702e-15
2.4651687702e-15
2.4651687702e-15
2.4651687702e-15
2.35414646774e-15
2.35414646774e-15
2.24312416527e-15
2.24312416527e-15
2.24312501231e-15
2.25700280011e-15
2.14597965062e-15
2.14597965062e-15
2.15985743843e-15
2.04883513596e-15
2.04883513596e-15
2.04883513596e-15
1.96556840912e-15
1.96554130406e-15
1.85449147303e-15
1.96551377549e-15
1.85446479149e-15
1.85446479149e-15
1.74344248903e-15
1.74344248903e-15
1.74344248903e-15
1.63242018657e-15
1.5213978841e-15
1.5213978841e-15
1.5213978841e-15
1.5213978841e-15
1.5213978841e-15
1.43813115726e-15
1.32710885479e-15
1.32710885479e-15
1.22996349311e-15
1.22996349311e-15
1.1189682957e-15
1.10509050789e-15
1.21613991541e-15
1.21616702046e-15
9.94156296855e-16
9.94156296855e-16
9.94156296855e-16
1.00803408466e-15
8.97018558463e-16
8.97025334727e-16
7.86003032265e-16
7.86003032265e-16
6.74980729802e-16
7.02736305418e-16
7.02729529154e-16
5.91708073725e-16
5.91701297461e-16
4.80678994998e-16
4.80651889944e-16
3.69630434515e-16
3.6960332946e-16
3.6960332946e-16
2.58581026998e-16
2.58581026998e-16
1.47558724535e-16
3.65364220727e-17
1.47558301019e-16
1.47557453986e-16
1.75313029601e-16
6.42903036224e-17
6.4297079886e-17
-4.67252225765e-17
-3.28474347687e-17
-1.16114161616e-16
-1.16114161616e-16
-1.16114161616e-16
-2.27136464078e-16
-2.27128840782e-16
-3.38151143244e-16
-3.52028931052e-16
-4.63051233514e-16
-4.49173445707e-16
-4.4917429274e-16
-5.60196595202e-16
-6.43463322049e-16
-6.43470098313e-16
-6.43470098313e-16
-6.39987098833e-16
-7.44070507392e-16
-7.44077283656e-16
-8.27337234239e-16
-9.38352760438e-16
-9.38339207911e-16
-9.38339207911e-16
-1.04938861543e-15
-1.04941487345e-15
-1.04941487345e-15
-1.16043717591e-15
-1.27145947837e-15
-1.27146710167e-15
-1.38248940413e-15
-1.35475331028e-15
-1.35475331028e-15
-1.35475373379e-15
-1.35475373379e-15
-1.46577603625e-15
-1.46576925999e-15
-1.54903598684e-15
-1.43804078943e-15
-1.43804078943e-15
-1.54906986816e-15
-1.54907664442e-15
-1.66009894688e-15
-1.77112802561e-15
-1.77112802561e-15
-1.66010572314e-15
-1.66009894688e-15
-1.77112124934e-15
-1.88214355181e-15
-1.88214355181e-15
-1.88214312829e-15
-1.99316543075e-15
-1.99316543075e-15
-2.0764321576e-15
-2.18745446006e-15
-2.18745446006e-15
-2.18745446006e-15
-2.18398501311e-15
-2.29500731557e-15
-2.40602961803e-15
-2.40602961803e-15
-2.51705869676e-15
-2.51705869676e-15
-2.51705869676e-15
-2.60032542361e-15
-2.71134772607e-15
-2.82237002853e-15
-2.82237002853e-15
-2.933392331e-15
-3.04441463346e-15
-3.0166861629e-15
-3.12770846536e-15
-3.23873076782e-15
-3.34972596523e-15
-3.43299269208e-15
-3.43299946834e-15
-3.530143983e-15
-3.64115950919e-15
-3.75218181166e-15
-3.75218138814e-15
-3.86320411412e-15
-3.97422726361e-15
-3.96034947581e-15
-4.04361620265e-15
-4.15464485786e-15
-4.26566716033e-15
-4.37668946279e-15
-4.48771091822e-15
-4.48770414195e-15
-4.59872644442e-15
-4.70974874688e-15
-4.82077782561e-15
-4.9318009751e-15
-4.93093361336e-15
-5.04195591583e-15
-5.26486788249e-15
-5.37585630363e-15
-5.37584952737e-15
-5.48686505357e-15
-5.59788735603e-15
-5.69503102365e-15
-5.91707562858e-15
-6.1391202335e-15
-6.1391278568e-15
-6.58321706665e-15
-6.69421226406e-15
-7.24929582428e-15
-7.69333082402e-15
-8.13742045739e-15
