4.95367737444e-16
4.76543668977e-15
6.10967887703e-15
7.79939409269e-15
8.50758960486e-15
8.40347496196e-15
7.82038378088e-15
7.40908226351e-15
7.20008720698e-15
7.68550071911e-15
8.39268582686e-15
8.17801755541e-15
8.26501387421e-15
8.04757421684e-15
8.24430254222e-15
7.99374765532e-15
8.52574760897e-15
8.48853178706e-15
7.93495912186e-15
8.04546198136e-15
7.43263290287e-15
8.07307769067e-15
7.4371211187e-15
7.45309526011e-15
7.64069071744e-15
7.31643385267e-15
7.29631597314e-15
8.12279608945e-15
7.18738944195e-15
6.44569075916e-15
7.2245517949e-15
7.19267503342e-15
6.97843959581e-15
7.52163462511e-15
7.07440726407e-15
7.42102844562e-15
8.17958160175e-15
7.36740384852e-15
6.85257627026e-15
5.8990547644e-15
6.17975502449e-15
5.91967424625e-15
5.9137045698e-15
5.90695165256e-15
6.09842027392e-15
6.19993187869e-15
5.47412745152e-15
5.37388147279e-15
5.66859049316e-15
5.53352246057e-15
4.73485874743e-15
3.48977738381e-15
3.20702439231e-15
1.85197104709e-15
1.12323308012e-15
9.2930414569e-16
8.17195788171e-16
2.28490737412e-16
-1.87087978708e-16
-3.67057069011e-16
-4.27216684118e-16
-7.27698604601e-16
-5.74934783196e-16
-1.35481093499e-15
-2.8710276509e-15
-3.57778945393e-15
-4.47149359894e-15
-6.17319104855e-15
-6.73401569221e-15
-7.78473163473e-15
-8.73863912293e-15
-9.79653446377e-15
-9.62446358513e-15
-9.74881601566e-15
-9.46030939404e-15
-9.72172874904e-15
-9.96663159683e-15
-1.03159356494e-14
-1.0817012283e-14
-1.13747229688e-14
-1.15383163712e-14
-1.16758797099e-14
-1.15542671662e-14
-1.10833122418e-14
-1.19324657361e-14
-1.19467409411e-14
-1.20722044671e-14
-1.24163200194e-14
-1.19167000177e-14
-1.17214499766e-14
-1.17345931751e-14
-1.17438213873e-14
-1.17216408766e-14
-1.20252373902e-14
-1.25083815952e-14
-1.20332767917e-14
-1.17982204901e-14
-1.18120639731e-14
-1.18712576001e-14
-1.18843339888e-14
-1.1886075065e-14
-1.18849074301e-14
-1.19003280884e-14
-1.1847392235e-14
-1.18236072322e-14
-1.17973036828e-14
-1.21387941211e-14
-1.22421815862e-14
-1.18679855118e-14
-1.25943036644e-14
-1.34842557711e-14
-1.25931871691e-14
-1.25658497102e-14
-1.16469203416e-14
-1.23830281835e-14
-1.24184410957e-14
-1.25854388294e-14
-1.26965519232e-14
-1.31374136728e-14
-1.25274018788e-14
-1.25778672018e-14
-1.25779307293e-14
-1.21626187756e-14
-1.30516693746e-14
-1.31513989279e-14
-1.31654128763e-14
-1.29431176025e-14
-1.27205315847e-14
-1.31518406556e-14
-1.2930609467e-14
-1.29310165193e-14
-1.22914038355e-14
-1.16650322883e-14
-1.1665925961e-14
-1.16919190728e-14
-1.18577479539e-14
-1.23157749321e-14
-1.20451639991e-14
-1.22699819487e-14
-1.31621955804e-14
-1.31684903058e-14
-1.31689282218e-14
-1.2725477516e-14
-1.31866971202e-14
-1.31714253808e-14
-1.27285042823e-14
-1.28622155799e-14
-1.34940149142e-14
-1.30570754565e-14
-1.30636954425e-14
-1.33846081682e-14
-1.33926514872e-14
-1.3156749635e-14
-1.27338972882e-14
-1.2864672346e-14
-1.27576538624e-14
-1.28201995164e-14
-1.29766487782e-14
-1.29673201396e-14
-1.30279701339e-14
-1.27230204852e-14
-1.31682676949e-14
-1.31478892469e-14
-1.2764071937e-14
-1.29861555054e-14
-1.27630078518e-14
-1.27633465591e-14
-1.31480048669e-14
-1.27627906937e-14
-1.26750728088e-14
-1.27331703751e-14
-1.27270975194e-14
-1.3104515019e-14
-1.31036472337e-14
-1.26038681487e-14
-1.20624023372e-14
-1.26467288629e-14
-1.29526808163e-14
-1.17248408612e-14
-1.17373823487e-14
-1.24917216218e-14
-1.15636555736e-14
-1.16927880757e-14
-1.10205760584e-14
-1.1540894263e-14
-1.15361919067e-14
-1.17532955567e-14
-1.18648920945e-14
-1.14761090539e-14
-1.15748113151e-14
-1.10351213081e-14
-1.16865600013e-14
-1.1662180699e-14
-1.14791549315e-14
-1.04204212398e-14
-1.10874835085e-14
-1.16874597091e-14
-1.2015598367e-14
-1.1547766506e-14
-1.08200460374e-14
-1.08198544491e-14
-1.05176737511e-14
-1.1233801568e-14
-1.03729445666e-14
-1.05736063012e-14
-1.07606645808e-14
-1.06318215522e-14
-1.01171998559e-14
-9.74465533688e-15
-1.03558920993e-14
-1.05753269957e-14
-1.05699559598e-14
-1.03940320871e-14
-1.0902150635e-14
-1.12352153719e-14
-1.00946431568e-14
-9.72469257026e-15
-1.102620311e-14
-9.98608047915e-15
-1.04245748776e-14
-9.93524574389e-15
-1.06312538813e-14
-1.04906183541e-14
-9.93543007943e-15
-9.69495022593e-15
-9.57462453709e-15
-9.92082490208e-15
-9.39304084317e-15
-1.02340639328e-14
-9.27761539875e-15
-9.35170621768e-15
-9.78805010532e-15
-1.06535800816e-14
-1.03871973783e-14
-1.01802101604e-14
-1.06275185719e-14
-9.83883258924e-15
-1.00932355468e-14
-1.01416004399e-14
-1.01603921835e-14
-1.05996088363e-14
-1.14060980751e-14
-1.14149993325e-14
-1.09390396081e-14
-1.10128949519e-14
-1.14565495809e-14
-1.09647617752e-14
-1.0960023367e-14
-1.09197398565e-14
-1.08337328193e-14
-1.14907178312e-14
-1.08540077705e-14
-1.13354294281e-14
-1.07485650858e-14
-1.15803568928e-14
-1.15434353619e-14
-1.14227865829e-14
-1.15651664156e-14
-1.15022614609e-14
-1.10465284067e-14
-1.07108276504e-14
-1.08003755501e-14
-1.07515559591e-14
-1.0557258036e-14
-1.00595079125e-14
-1.12137239225e-14
-1.1261357138e-14
-1.06553673211e-14
-1.02597403602e-14
-1.05842487408e-14
-9.54364944218e-15
-9.49667294198e-15
-8.73340763569e-15
-8.0231573804e-15
-7.0018963204e-15
-6.65446278132e-15
-6.45791783857e-15
-6.28739745374e-15
-6.47509630202e-15
-6.43307462693e-15
-6.09449554676e-15
-5.79657971259e-15
-5.04518181434e-15
-6.29227980458e-15
-5.27041983935e-15
-5.26024453843e-15
-6.1399336763e-15
-5.73211282906e-15
-5.85013480004e-15
-6.32520201648e-15
-5.91302143772e-15
-5.90807143012e-15
-5.89191205319e-15
-5.89202979077e-15
-5.99246545194e-15
-5.89091207786e-15
-5.89879244888e-15
-5.89938060738e-15
-5.46759767453e-15
-5.89082991566e-15
-5.90372408646e-15
-6.50035720678e-15
-6.49698061582e-15
-6.50433201477e-15
-6.50433423823e-15
-6.72674200853e-15
-6.83761438616e-15
-7.75790213083e-15
-7.52189789354e-15
-7.82799680713e-15
-7.76598684855e-15
-7.77234510137e-15
-7.77341691568e-15
-7.74414049241e-15
-8.14336670809e-15
-7.83987607364e-15
-7.84035888242e-15
-8.27846348686e-15
-8.28708448232e-15
-7.98431456702e-15
-7.96065503098e-15
-8.27462589821e-15
-8.66429927631e-15
-8.28327293993e-15
-7.85350880423e-15
-8.86478996322e-15
-9.14921044496e-15
-8.42147319448e-15
-9.1907387763e-15
-9.33491479535e-15
-8.90876886676e-15
-9.1909910333e-15
-8.94710060163e-15
-9.83010301475e-15
-9.32635097461e-15
-9.22696367553e-15
-9.23500980032e-15
-1.02547794471e-14
-9.62259301874e-15
-8.89175165721e-15
-9.15370554293e-15
-9.6644749334e-15
-9.97752475817e-15
-9.95363149398e-15
-9.7995144845e-15
-1.0250689072e-14
-1.01466628382e-14
-9.21236008637e-15
-8.98884598516e-15
-9.3845813663e-15
-9.15922353907e-15
-9.25405321856e-15
-8.71878228836e-15
-8.49698364063e-15
-6.56567509372e-15
-6.09154474867e-15
-5.97359032856e-15
-5.71520594556e-15
-4.47179546031e-15
-3.94126479118e-15
-3.13833303784e-15
-2.0849387242e-15
-3.73274714361e-16
7.5725534284e-16
1.13943999677e-15
1.28111234525e-15
1.33359418902e-15
1.37030369699e-15
1.40821990926e-15
1.44305413922e-15
1.45157793764e-15
1.4572925513e-15
1.44648096982e-15
1.43346847911e-15
1.44835878893e-15
1.46302050573e-15
1.46464363261e-15
1.46481632146e-15
1.45034534589e-15
1.45042247882e-15
1.44925367924e-15
1.4509562684e-15
1.44998170405e-15
1.45088813519e-15
1.46384233944e-15
1.44695165544e-15
1.44681867127e-15
1.45035884547e-15
1.44947554893e-15
1.44958756904e-15
1.44958333387e-15
1.4495918042e-15
1.45157407306e-15
1.00751233884e-15
1.02205213583e-15
1.02140267332e-15
1.00709750445e-15
1.00715261453e-15
1.01409177313e-15
1.01415657115e-15
1.01513648239e-15
1.01425710338e-15
1.01425922096e-15
1.01505882006e-15
1.02121420849e-15
1.02175207441e-15
1.01465647941e-15
1.01509016028e-15
1.01520408621e-15
1.00804496374e-15
1.00869463801e-15
1.01178784352e-15
1.0184680218e-15
1.02531204801e-15
1.46946902049e-15
1.46914418336e-15
1.46543841422e-15
1.46629137639e-15
1.48348948041e-15
1.4840457693e-15
1.48385688096e-15
1.49057951676e-15
1.49104130854e-15
1.4914352318e-15
1.9405337945e-15
1.49775367407e-15
1.49064029137e-15
1.93506487333e-15
1.93470086092e-15
2.37965960303e-15
2.37935535939e-15
2.37946542073e-15
2.37837947155e-15
2.37849286809e-15
2.82517855156e-15
3.26933642402e-15
3.70646180543e-15
4.23707468969e-15
4.25176377624e-15
4.97403824655e-15
5.44757111574e-15
5.58574844745e-15
6.57511273482e-15
6.57213541401e-15
7.84179031516e-15
6.8630303509e-15
7.75623718169e-15
8.62961295948e-15
9.94801995364e-15
9.8409225901e-15
1.11221678136e-14
1.14723213343e-14
1.4512656366e-14
1.67543960294e-14
1.87946490011e-14
2.20030446339e-14
2.48355689198e-14
2.86330656442e-14
3.54687623478e-14
4.23946429139e-14
4.97744717299e-14
6.09870113945e-14
7.09380620321e-14
8.32214133371e-14
9.54629026856e-14
1.10926780545e-13
1.26617989025e-13
1.40782654398e-13
1.60515195189e-13
1.8285308407e-13
2.12544037802e-13
2.41496315753e-13
2.8091265657e-13
3.25997271142e-13
3.80379743401e-13
4.41167895494e-13
5.06002943104e-13
5.81520077267e-13
6.64473109114e-13
7.57240232195e-13
8.64602185379e-13
9.81419796211e-13
1.11246033245e-12
1.26262741178e-12
1.43178823806e-12
1.6231150211e-12
1.83704613047e-12
2.07588058287e-12
2.33776441791e-12
2.62949393382e-12
2.95463185208e-12
3.31888905702e-12
3.72610559723e-12
4.18832491781e-12
4.69754570986e-12
5.27106666854e-12
5.91157191601e-12
6.63390010954e-12
7.44434513432e-12
8.34924197932e-12
9.37142508466e-12
1.05056208125e-11
1.17824721704e-11
1.32177310087e-11
1.48189128305e-11
1.66175950583e-11
1.86428831541e-11
2.09077411773e-11
2.34511203168e-11
2.6306478016e-11
2.9525746464e-11
3.31159745449e-11
3.71426313857e-11
4.16748076216e-11
4.67575183823e-11
5.24576209223e-11
5.88708616206e-11
6.61116179946e-11
7.42385292081e-11
8.33317005658e-11
9.35347080856e-11
1.04980094406e-10
1.17877354207e-10
1.32413128553e-10
1.48783614197e-10
1.67226857773e-10
1.87865651574e-10
2.11016132544e-10
2.37101568351e-10
2.66502900841e-10
2.9954023503e-10
3.36734805169e-10
3.78727787382e-10
4.26126748807e-10
4.79312000121e-10
5.39043870193e-10
6.06325918387e-10
6.8219671843e-10
7.67632360446e-10
8.63939500806e-10
9.72643905655e-10
1.09557400347e-09
1.23406088893e-09
1.38987223938e-09
1.56521649641e-09
1.76302110212e-09
1.98602096869e-09
2.23810730696e-09
2.5236441368e-09
2.84692004086e-09
3.21031669491e-09
3.61901906234e-09
4.0807909299e-09
4.60289647721e-09
5.19298597933e-09
5.86049875105e-09
6.61687833941e-09
7.4736446308e-09
8.4392744947e-09
9.52828314831e-09
1.0759241985e-08
1.21529705353e-08
1.37290485075e-08
1.55151851873e-08
1.75439162021e-08
1.98436634621e-08
2.24363496722e-08
2.53653912908e-08
2.86848619797e-08
3.24481092018e-08
3.67075274288e-08
4.1545098427e-08
4.70407043289e-08
5.327381847e-08
6.03105634803e-08
6.82814354644e-08
7.73243661717e-08
8.75854484486e-08
9.92106956198e-08
1.12421550321e-07
1.27452314689e-07
1.44512869112e-07
1.63808255066e-07
1.85682141102e-07
2.10518459669e-07
2.38684388267e-07
2.70661283494e-07
3.0706397231e-07
3.48499791157e-07
3.95497966913e-07
4.48700683758e-07
5.09074087686e-07
5.77596513188e-07
6.55433464533e-07
7.43997624416e-07
8.44738108398e-07
9.59175554832e-07
1.0888735143e-06
1.23593889799e-06
1.40297152403e-06
1.59274097797e-06
1.80823795368e-06
2.05291331581e-06
2.33098240632e-06
2.64681749284e-06
3.00492196124e-06
3.4108916102e-06
3.87140118178e-06
4.39381134426e-06
4.98629492226e-06
5.6589291041e-06
6.42279252304e-06
7.28877669691e-06
8.26894458691e-06
9.37868957425e-06
1.06353006989e-05
1.20583208783e-05
1.36708778532e-05
1.54984732939e-05
1.75669053997e-05
1.99044975767e-05
2.25445785729e-05
2.55279388726e-05
2.88992146365e-05
3.27087067275e-05
3.70128091524e-05
4.18716208533e-05
4.73485088772e-05
5.3516811728e-05
6.04665255318e-05
6.82952495994e-05
7.7109923918e-05
8.70285270509e-05
9.81844270933e-05
0.00011071819296
0.00012479175873
0.000140580845428
0.000158287175243
0.000178132656144
0.000200370879516
0.000225275950953
0.000253134010314
0.000284260576156
0.000319017818655
0.000357805328834
0.000401055634867
0.000449258017286
0.000502941791406
0.000562668208708
0.000629030529515
0.000702718769418
0.000784483066174
0.000875128494601
0.000975515249183
0.0010866072484
0.00120939330283
0.00134496964664
0.00149456988173
0.00165946529807
0.00184102367514
0.00204073177467
0.00226010561031
0.00250083437609
0.00276485809558
0.00305403848103
0.00337035191567
0.003716020473
0.00409337788493
0.00450492248216
0.00495312196789
0.00544040105011
0.00596981613696
0.00654461008489
0.00716801664764
0.00784300083022
0.00857263732289
0.00936033003064
0.0102102846157
0.0111265301617
0.0121125957587
0.013172419698
0.0143101550933
0.0155300631247
0.0168364751124
0.0182336595192
0.0197261930187
0.0213191738788
0.0230172637544
0.0248241889145
0.0267442641361
0.0287829681179
0.0309456583851
0.0332370448812
0.0356610991973
0.038221526056
0.0409235604647
0.0437724669509
0.046772497117
0.0499277501075
0.0532424383856
0.0567202996563
0.0603655095893
0.0641813700011
0.0681718784483
0.0723415328339
0.0766930861097
0.0812287568331
0.0859512520845
0.0908637208336
0.0959691375157
0.101269863715
0.106767293265
0.11246290016
0.118358573167
0.12445552672
0.130755078559
0.137258069588
0.14396468878
0.150875529076
0.157990866537
0.165310481689
0.172833957085
0.180560383365
0.188489624175
0.196620788892
0.20495224253
0.213482932894
0.22221102029
0.231134881768
0.240252512753
0.249562147019
0.259061643623
0.268748307972
0.278619593561
0.288672840901
0.298905537267
0.309314720759
0.319897482876
0.330650564969
0.341570819067
0.352655003199
0.36389987451
0.375301991271
0.386857895016
0.398564095021
0.410417047249
0.422413164145
0.434548840156
0.446820430438
0.459224267666
0.471756686732
0.484414006909
0.497192548264
0.510088619445
0.523098544561
0.536218656167
0.549445301098
0.562774833287
0.576203631726
0.589728102178
0.603344684516
0.617049826838
0.630840029885
0.644711802584
0.658661711148
0.672686356088
0.686782361876
0.700946420768
0.715175225354
0.729465556428
0.743814190501
0.75821800645
0.772673863073
0.787178726879
0.801729545529
0.816323384879
0.830957288233
0.845628401538
0.860333885498
0.875070942681
0.889836864494
0.904628923235
0.919444505535
0.934281000738
0.949135844747
0.964006560016
0.97889064353
0.993785690464
1.00868935817
1.0235992578
1.03851313084
1.05342875587
1.06834387151
1.08325633303
1.0981640529
1.11306488958
1.12795681032
1.14283783723
1.15770597759
1.17255927004
1.18739584086
1.20221385832
1.2170114214
1.23178674963
1.24653813862
1.2612638049
1.27596202265
1.29063117529
1.30526960236
1.31987566496
1.33444781795
1.34898445462
1.36348407458
1.37794523366
1.39236633469
1.40674592223
1.42108272843
1.4353752512
1.44962192542
1.46382162104
1.47797304103
1.4920746193
1.50612508276
1.52012340553
1.53406818052
1.54795796269
1.56179162331
1.57556824069
1.58928637657
1.60294456054
1.61654198265
1.6300776983
1.64355013825
1.65695798602
1.67030066665
1.68357709177
1.69678569491
1.70992532955
1.72299552021
1.73599507703
1.74892245366
1.76177670014
1.77455727295
1.78726291659
1.79989234356
1.81244454627
1.82491883356
1.83731423923
1.84962943466
1.86186324766
1.87401515695
1.88608427732
1.89806920432
1.90996876402
1.92178252775
1.93350967049
1.94514860942
1.95669829374
1.96815838633
1.97952785573
1.9908053348
2.00198989163
2.01308077955
2.02407721903
2.03497817419
2.04578220935
2.05648852929
2.06709689819
2.07760614139
2.08801432526
2.09832121538
2.10852670154
2.11862895821
2.12862650339
2.13851925306
2.14830667555
2.15798729347
2.16755965848
2.17702360214
2.18637862654
2.19562312647
2.20475619993
2.21377723066
2.22268550523
2.23148039539
2.24016042895
2.24872487405
2.2571736701
2.26550587965
2.2737197909
2.28181542449
2.28979257179
2.29764985627
2.30538634033
2.31300238901
2.32049678555
2.32786892151
2.33511856271
2.34224533747
2.34924799849
2.35612718327
2.36288229164
2.36951237519
2.37601754391
2.38239847864
2.38865345892
2.39478286324
2.40078788123
2.4066674255
2.41242055316
2.41804946775
2.4235544473
2.42893340586
2.43418750493
2.43931933389
2.44432814314
2.44921205519
2.45397429076
2.45861691653
2.46313778777
2.46753721553
2.47181940971
2.47598404809
2.48003068813
2.48396167428
2.48777908036
2.49148260148
2.4950736997
2.49855546345
2.50192851892
2.50519275564
2.50835099865
2.51140686995
2.51436009793
2.51721091166
2.51996313332
2.52261968145
2.52518051751
2.5276469753
2.53002280825
2.53230998347
2.53450837828
2.53662099695
2.53865165569
2.54060085224
2.54246893889
2.5442593068
2.54597611621
2.54761894788
2.54918856253
2.55068868504
2.55212246107
2.5534897154
2.55479156571
2.55603146326
2.55721187137
2.55833218851
2.5593949762
2.56040230926
2.56135492382
2.56225515877
2.56310394489
2.56390272249
2.56465099779
2.56535250652
2.56600801927
2.56661768223
2.56718086397
2.56770113406
2.56817853536
2.56861308964
2.5690050957
2.56935515746
2.56966515967
2.56993311599
2.57016071741
2.57034589497
2.57049106378
2.57059497136
2.57065740968
2.57067629049
2.57065224449
2.57058462102
2.57047280586
2.57031454363
2.57010908943
2.56985394974
2.56954886468
2.56919139935
2.56877931142
2.56831029523
2.56778261611
2.567192514
2.56653759998
2.56581367786
2.56501852879
2.56414797839
2.56319836699
2.56216420078
2.56104182898
2.55982517066
2.55851103238
2.55709235062
2.5555640193
2.55391759961
2.55214896495
2.55025140019
2.54821665286
2.54603654784
2.54370262423
2.54120952798
2.5385472035
2.53570626099
2.5326767785
2.52945136328
2.52601983028
2.52237155811
2.5184966916
2.51438593181
2.51002832969
2.5054129262
2.50053149734
2.49537251124
2.48992622941
2.48418071527
2.47813037428
2.47176386202
2.46507161383
2.45804583482
2.45067917273
2.44296515389
2.43489399424
2.42646313133
2.41766892065
2.40850394994
2.39896847032
2.3890560281
2.37877000383
2.368111543
2.35707936667
2.34567651513
2.3339051027
2.3217736362
2.30928740181
2.296452519
2.28327840346
2.26977278275
2.25594645625
2.24181595069
2.22738645728
2.21267405853
2.19768952297
2.18245671196
2.16698398407
2.15128048904
2.13537651557
2.1192765868
2.10300156954
2.08657178012
2.0699974633
2.05330318781
2.03649863762
2.01960534266
2.00264066759
1.98561319631
1.96854899769
1.95145218922
1.93434964035
1.91725416594
1.90015763195
1.8831018187
1.86609449772
1.84913207588
1.83223969687
1.81541173487
1.7986826361
1.78205819479
1.76552005693
1.74909852557
1.73280441748
1.71663840705
1.70060945649
1.68471011419
1.66896420286
1.653378379
1.63793638894
1.62265677044
1.60754723815
1.59260053501
1.57782394582
1.56321845414
1.54879320247
1.53454739424
1.52046793272
1.50656621643
1.49285420711
1.47932352225
1.46597379865
1.45279871041
1.43980331975
1.42699374426
1.41436313697
1.40191533136
1.38964431263
1.37754702374
1.36562824693
1.3538908352
1.34232477821
1.3309300677
1.31971029591
1.30865730638
1.29777259401
1.28705857677
1.27650830241
1.26611932725
1.25589446737
1.24582829884
1.23592053689
1.22616919939
1.2165704665
1.20712570172
1.19782790259
1.18867751204
1.17967370609
1.17081489388
1.16210436196
1.15353325643
1.14509419876
1.13678652932
1.12861304128
1.12057504571
1.11267507068
1.10490349528
1.09725257225
1.08972040466
1.08230860597
1.07502354501
1.06785660868
1.06080856113
1.05387682295
1.04705122771
1.0403348418
1.03372883358
1.02723166879
1.02084389875
1.0145580208
1.00837315789
1.0022858306
0.99629345326
0.990402016647
0.984606705644
0.978906494779
0.973301971163
0.967782279221
0.962344062879
0.956993943809
0.951731389837
0.946556533388
0.941469607383
0.936463532697
0.931527702983
0.926660867231
0.921872577634
0.917169518187
0.912544254522
0.907992810387
0.903505391643
0.899077898571
0.894716118213
0.890426528621
0.886210697136
0.882062367228
0.877974110559
0.873938030808
0.869953536884
0.866033357244
0.862181486568
0.85838601562
0.854642737776
0.850952665119
0.847308743879
0.843715565882
0.840178392982
0.836692188352
0.833255079317
0.829862788516
0.826514471092
0.823209966244
0.819947649835
0.816730522042
0.813556689984
0.810421278073
0.807326093749
0.804269485495
0.801250042307
0.798264519758
0.795312816168
0.792397583184
0.789516473119
0.786669027833
0.7838539105
0.781065489542
0.778304182169
0.775572829145
0.772868205346
0.770195230588
0.767547150639
0.764921000724
0.762317332273
0.759736155018
0.757178505286
0.754643413871
0.752128439003
0.749630269792
0.747150098391
0.744688958577
0.742245538895
0.739818169333
0.737404689567
0.735004413414
0.732618208589
0.730241846868
0.727877936142
0.725527196403
0.723187597674
0.720856117511
0.718531405522
0.716212401873
0.713900074708
0.711595963488
0.709297260479
0.707002406766
0.704710425755
0.702420197304
0.700132218043
0.697845397182
0.695559108849
0.693273282823
0.690984040532
0.688691671323
0.686398414627
0.684102961176
0.681802526922
0.679494886381
0.67718083787
0.674861528289
0.672533547048
0.670197473891
0.667852274536
0.665496760559
0.663130947619
0.660755089514
0.658366157876
0.655962952803
0.65354537284
0.651114282255
0.648667863589
0.646206146347
0.643728680334
0.641233048086
0.638719505986
0.636188543754
0.633638528293
0.631066644795
0.628472554976
0.625856056322
0.623216583299
0.620554540705
0.617868757638
0.615160341193
0.612426688105
0.609666838951
0.606878892665
0.604060944324
0.601212857458
0.598335647488
0.595430582245
0.592497262182
0.589534351257
0.586539308057
0.583511757801
0.580448923708
0.57734879369
0.574212017964
0.571041938416
0.567840038736
0.564603887199
0.561331570718
0.558020006536
0.554669809577
0.55127660157
0.547840430661
0.544365372051
0.540854644126
0.537305827952
0.533717506764
0.530085354331
0.526409176091
0.522687569898
0.518918255125
0.515105937651
0.511254406558
0.507360585657
0.503424683476
0.499444060819
0.495416356946
0.491342023677
0.487218411024
0.483047815985
0.478833396075
0.474576536444
0.47027592576
0.465932369477
0.46154170576
0.457101280802
0.45261551286
0.448083505845
0.443507081634
0.438888310275
0.434228857315
0.429527740048
0.424783520006
0.419994087871
0.415160704752
0.410282648695
0.405366383233
0.400415741734
0.395430434658
0.390407136215
0.385350232995
0.380260011967
0.375130770025
0.36996150602
0.364761864972
0.359539813666
0.354294586155
0.349024051531
0.343733497327
0.338422695806
0.333086989899
0.327723438357
0.322343705359
0.316958748962
0.311566880278
0.306165121211
0.300760458254
0.295356440796
0.289946000804
0.284526738902
0.279116651683
0.273721784914
0.268335311901
0.262962596869
0.257612167162
0.252279148049
0.246957302757
0.241660461131
0.236399881381
0.231169778576
0.225971841914
0.22081208128
0.21569071538
0.210609136573
0.205579102467
0.200598795709
0.195668361044
0.190793790445
0.185973877375
0.181214256235
0.176519484815
0.171886992575
0.167314931049
0.162815554902
0.158392536263
0.154035764244
0.149753913504
0.145552692329
0.141422389334
0.137366313971
0.133393091682
0.129501789728
0.125690851652
0.121964665339
0.118319031721
0.114741327556
0.111245566604
0.107842390615
0.104518021588
0.101269276958
0.0981114036798
0.0950371450968
0.0920301351397
0.0891067178557
0.0862655844949
0.0835002529083
0.0808132706817
0.07820461008
0.075666492037
0.0731900842285
0.0707865318253
0.0684672505285
0.0662118263404
0.0640200690942
0.0619067308921
0.0598586532678
0.0578600801106
0.0559227922884
0.0540530759077
0.0522422673218
0.050493609994
0.0488001928989
0.0471610864831
0.0455691051351
0.0440272752001
0.0425404027825
0.0411024825209
0.0397098000667
0.038370071245
0.0370754441423
0.0358153312644
0.0345988147076
0.0334269435224
0.0322920068806
0.0311938974103
0.0301363399907
0.0291184563118
0.0281294410368
0.0271723769101
0.0262544683321
0.0253662251599
0.0245047896137
0.0236736478237
0.0228733600114
0.02209828409
0.0213469823835
0.0206242455751
0.019927716755
0.0192543873389
0.018603503585
0.0179771854563
0.0173728421029
0.0167839708059
0.0162202659326
0.0156771186028
0.0151481769355
0.0146359827037
0.0141441041711
0.0136697461824
0.013208590792
0.0127662646634
0.0123402450612
0.0119283741132
0.0115294339775
0.0111439536652
0.0107715519536
0.0104098539666
0.0100621117753
0.0097281441906
0.00940444179087
0.00909024614598
0.00878823588884
0.00849617043322
0.0082125135224
0.00793936713213
0.00767741148859
0.00742414533015
0.00717914145004
0.00694171450723
0.00671085446702
0.00648739177986
0.00627266123007
0.00606680134557
0.00586738320322
0.00567439114099
0.00548823103268
0.00530767456968
0.00513089890898
0.00496002074038
0.00479720090411
0.00464098355226
0.00448896232223
0.00434221259351
0.00420052681487
0.00406217652304
0.00392728923997
0.00379865400831
0.00367496892273
0.00355450405731
0.00343862772747
0.00332729597554
0.00321813775888
0.0031113722316
0.00300923659418
0.00291179313157
0.00281675629846
0.00272496033342
0.00263692668773
0.00255163973068
0.00246718221358
0.00238547317714
0.00230781438786
0.00223236813959
0.00215938929845
0.00208938734132
0.00202161671205
0.00195504045463
0.00189098152389
0.00182997016652
0.00177115734439
0.0017136589991
0.0016579002743
0.00160434425009
0.00155159864724
0.00149967955225
0.00145024617476
0.00140345547428
0.00135810579898
0.00131398073191
0.00127140017224
0.00123021588121
0.00118947735174
0.00115045684194
0.00111354425495
0.00107725692359
0.00104144667651
0.00100761731655
0.000975083992386
0.000942623049843
0.00091142271642
0.000881759058555
0.000853229839465
0.000825632974742
0.000799008222217
0.000772930865245
0.000747217233681
0.000722238376455
0.000698338543779
0.000675470994321
0.000653354611073
0.000632111599431
0.000611726747883
0.000591675698151
0.000571920739978
0.000552906387592
0.000534792157659
0.000517259453149
0.000500228457086
0.000483758789514
0.000467596960433
0.00045177116488
0.000436636316039
0.000422078975665
0.0004081801705
0.000394798093552
0.000381914561579
0.00036935276014
0.000356891798357
0.000344937895175
0.000333296429167
0.000322149550681
0.000311331925987
0.000300886484295
0.00029083622042
0.000281117652831
0.000271528878981
0.000262210203644
0.000253450904027
0.00024509611966
0.00023696671843
0.000229015580648
0.000221269943111
0.000213503224805
0.000206013784431
0.000199011454681
0.000192392843976
0.000185878213547
0.000179610771161
0.000173640207333
0.000167549230094
0.000161544667058
0.000155964699422
0.000150684877026
0.000145472349773
0.000140462913738
0.000135718767511
0.000130923423832
0.000126217515856
0.000121821931476
0.000117696265692
0.000113653668917
0.000109704092901
0.000105890553634
0.00010208950016
9.82643779976e-05
9.46995337313e-05
9.14332932558e-05
8.82878372035e-05
8.52610165307e-05
8.23487943627e-05
7.93792198902e-05
7.63470640354e-05
7.36125311943e-05
7.09665198935e-05
6.83096820726e-05
6.58096184383e-05
6.35080172214e-05
6.12391893794e-05
5.88571104514e-05
5.67179934498e-05
5.47634342266e-05
5.27708018235e-05
5.08036381144e-05
4.89729682845e-05
4.72010906721e-05
4.53627612945e-05
4.36062764838e-05
4.19927847811e-05
4.04534641477e-05
3.89247964278e-05
3.74895576566e-05
3.61169285413e-05
3.46879243714e-05
3.33146914391e-05
3.20507951731e-05
3.08618534951e-05
2.96875769768e-05
2.85633473715e-05
2.74408505613e-05
2.63072187354e-05
2.52543632299e-05
2.431112801e-05
2.33659335955e-05
2.24501429983e-05
2.16074949867e-05
2.0737237809e-05
1.98377354787e-05
1.90040334241e-05
1.82868069529e-05
1.75864131929e-05
1.68518304304e-05
1.61619249149e-05
1.55396459588e-05
1.48941611096e-05
1.42371365765e-05
1.36466676036e-05
1.30941130666e-05
1.25351015792e-05
1.20251112799e-05
1.15371530387e-05
1.10306766974e-05
1.05189491993e-05
1.00675146311e-05
9.64027204204e-06
9.229013259e-06
8.85380824179e-06
8.49013929748e-06
8.08455550134e-06
7.67114638569e-06
7.33711708543e-06
7.02311401536e-06
6.71002196783e-06
6.41843031241e-06
6.14760753864e-06
5.86265909264e-06
5.5500618888e-06
5.28859309646e-06
5.04398995851e-06
4.8017223743e-06
4.57908131848e-06
4.3771558766e-06
4.16139551343e-06
3.92879271391e-06
3.72728104292e-06
3.55707849222e-06
3.38056409637e-06
3.21471786696e-06
3.06526122407e-06
2.90994727492e-06
2.73681453248e-06
2.58732841471e-06
2.45762149007e-06
2.33462437831e-06
2.20623151229e-06
2.09882855178e-06
1.99370065924e-06
1.86837979134e-06
1.76222750271e-06
1.671583324e-06
1.57380812731e-06
1.47736358539e-06
1.40132512866e-06
1.32384074071e-06
1.22637730419e-06
1.14370007594e-06
1.07674335816e-06
1.00565627718e-06
9.38834220053e-07
8.86758869692e-07
8.33020368473e-07
7.64785726684e-07
7.05164331702e-07
6.5636775423e-07
6.10928687486e-07
5.63586860286e-07
5.28495412046e-07
4.95034835106e-07
4.46699456661e-07
4.05280519964e-07
3.79122488109e-07
3.53092101685e-07
3.21969784295e-07
2.97106951657e-07
2.74629380726e-07
2.40916987969e-07
2.1283248821e-07
1.95556792856e-07
1.78467765851e-07
1.57877157698e-07
1.42576320267e-07
1.27225680247e-07
1.02783143497e-07
8.45797207216e-08
7.5206457611e-08
6.51630379916e-08
5.24640622983e-08
4.57340452604e-08
3.85661203441e-08
2.19759452533e-08
1.10837293543e-08
8.00068256154e-09
5.21436265955e-09
1.3822312859e-09
2.88514399636e-10
5.90676529862e-11
1.19634915591e-11
2.42135975434e-12
4.90934913797e-13
9.96028095275e-14
2.01273087407e-14
3.97179101157e-15
6.9325479066e-16
3.45525915009e-17
-9.88382761467e-17
-1.25913035796e-16
-1.31412185448e-16
-1.32530599811e-16
-1.3275646644e-16
-1.32805210539e-16
-1.32814316143e-16
-1.32819424811e-16
-1.3282310411e-16
-1.32826531947e-16
-1.32826545181e-16
-1.32833321445e-16
-1.32836709577e-16
-1.32840097709e-16
-1.32840097709e-16
-1.3284348584e-16
-1.32853650236e-16
-1.32853650236e-16
-1.32856985428e-16
-1.32861326472e-16
-1.32862067626e-16
-1.32873396691e-16
-1.32878002433e-16
-1.32883084631e-16
-1.32885890427e-16
-1.32891025565e-16
-1.32905319245e-16
-1.36377466115e-16
-1.3638164834e-16
-1.37257903924e-16
-1.3726682424e-16
-1.40314170851e-16
-1.41191921978e-16
-1.42068071683e-16
-1.43808539101e-16
-1.43833513338e-16
-1.43837549979e-16
-1.43846708523e-16
-1.43854424464e-16
-1.43857005267e-16
-1.43858884622e-16
-1.43859215494e-16
-1.43859374313e-16
-1.43859374313e-16
-1.43859374313e-16
-1.43859374313e-16
-1.43859374313e-16
-1.43859374313e-16
-1.43859374313e-16
-1.43859374313e-16
-1.43859374313e-16
-1.43859374313e-16
-1.43859374313e-16
-1.43859374313e-16
-1.43859374313e-16
-1.43859374313e-16
-1.43859374313e-16
-1.43859374313e-16
-1.43859374313e-16
-1.43859374313e-16
-1.43859374313e-16
-1.43859374313e-16
-1.43859374313e-16
-1.43859374313e-16
-1.43859374313e-16
-1.43859374313e-16
-1.43859374313e-16
-1.43859374313e-16
-1.43859374313e-16
-1.43859374313e-16
-1.43859374313e-16
-1.43859374313e-16
-1.43859374313e-16
-1.43859374313e-16
-1.43859374313e-16
-1.43859374313e-16
-1.43859374313e-16
-1.43859374313e-16
-1.43859374313e-16
-1.43859374313e-16
-1.43859374313e-16
-1.43859374313e-16
-1.43859374313e-16
-1.43859374313e-16
-1.43859374313e-16
-1.43859374313e-16
-1.43859374313e-16
-1.43859374313e-16
-1.43859374313e-16
-1.43859374313e-16
-1.43859374313e-16
-1.43859374313e-16
-1.43859374313e-16
-1.43859374313e-16
-1.43859374313e-16
-1.43859374313e-16
-1.43859374313e-16
-1.43859374313e-16
-1.43859374313e-16
-1.43859374313e-16
-1.43859374313e-16
-1.43859374313e-16
-1.43859374313e-16
-1.43859374313e-16
-1.43859374313e-16
-1.43859374313e-16
-1.43859374313e-16
-1.43859374313e-16
-1.43859374313e-16
-1.43859374313e-16
-1.43859374313e-16
-1.43859374313e-16
-1.43859374313e-16
-1.43859374313e-16
-1.43859374313e-16
-1.43859374313e-16
-1.43859374313e-16
-1.43859374313e-16
-1.43859374313e-16
-1.43859374313e-16
-1.43859374313e-16
-1.43859374313e-16
-1.43859374313e-16
-1.43859374313e-16
-1.43859374313e-16
-1.43859374313e-16
-1.43859374313e-16
-1.43859374313e-16
-1.43859374313e-16
-1.43859374313e-16
-1.43859374313e-16
-1.43859374313e-16
-1.43859374313e-16
-1.43859374313e-16
-1.43859374313e-16
-1.43859374313e-16
-1.43859374313e-16
-1.43859374313e-16
-1.43859374313e-16
-1.43859374313e-16
-1.43859374313e-16
-1.43859374313e-16
-1.43859374313e-16
-1.43859374313e-16
-1.43859374313e-16
-1.43859374313e-16
-1.43859374313e-16
-1.43859374313e-16
-1.43859374313e-16
-1.43859374313e-16
-1.43859374313e-16
-1.43859374313e-16
-1.43859374313e-16
-1.43859374313e-16
-1.43859374313e-16
-1.43859374313e-16
-1.43859374313e-16
-1.43859374313e-16
-1.43859374313e-16
-1.43859374313e-16
-1.43859374313e-16
-1.43859374313e-16
-1.43859374313e-16
-1.43859374313e-16
-1.43859374313e-16
-1.43859374313e-16
-1.43859374313e-16
-1.43859374313e-16
-1.43859374313e-16
-1.43859374313e-16
-1.43859374313e-16
-1.43859374313e-16
-1.43859374313e-16
-1.43859374313e-16
-1.43859374313e-16
-1.43859374313e-16
-1.43859374313e-16
-1.43859374313e-16
-1.43859374313e-16
-1.43859374313e-16
-1.43859374313e-16
-1.43859374313e-16
-1.43859374313e-16
-1.43859374313e-16
-1.43859374313e-16
-1.43859374313e-16
-1.43859374313e-16
-1.43859374313e-16
-1.43859374313e-16
-1.43859374313e-16
-1.43859374313e-16
-1.43859374313e-16
-1.43859374313e-16
-1.43859374313e-16
-1.43859374313e-16
-1.43859374313e-16
-1.43859374313e-16
-1.43859374313e-16
-1.43859374313e-16
-1.43859374313e-16
-1.43859374313e-16
-1.43859374313e-16
-1.43859374313e-16
-1.43859374313e-16
-1.43859374313e-16
-1.43859374313e-16
-1.43859374313e-16
-1.43859374313e-16
-1.43859374313e-16
-1.43859374313e-16
-1.43859374313e-16
-1.43859374313e-16
-1.43859374313e-16
-1.43859374313e-16
-1.43859374313e-16
-1.43859374313e-16
-1.43859374313e-16
-1.43859374313e-16
-1.43859374313e-16
-1.43859374313e-16
-1.43859374313e-16
-1.43859374313e-16
-1.43859374313e-16
-1.43859374313e-16
-1.43859374313e-16
-1.43859374313e-16
-1.43859374313e-16
-1.43859374313e-16
-1.43859374313e-16
-1.43859374313e-16
-1.43859374313e-16
-1.43859374313e-16
-1.43859374313e-16
-1.43859374313e-16
-1.43859374313e-16
-1.43859374313e-16
-1.43859374313e-16
-1.43859374313e-16
-1.43859374313e-16
-1.43859374313e-16
-1.43859374313e-16
-1.43859374313e-16
-1.43859374313e-16
-1.43859374313e-16
-1.43859374313e-16
-1.43859374313e-16
-1.43859374313e-16
-1.43859374313e-16
-1.43859374313e-16
-1.43859374313e-16
-3.3704433588e-17
-3.3704433588e-17
-3.3704433588e-17
-3.3704433588e-17
-3.3704433588e-17
2.18067176433e-17
7.73178688745e-17
1.88340171337e-16
