7
7
7
7
7
7
7
7
7
7
7
7
7
7
7
7
7
7
7
7
7
7
7
7
7
7
7
7
7
7
7
7
7
7
7
7
7
7
7
7
7
7
7
7
7
7
7
7
7
7
7
7
7
7
7
7
7
7
7
7
7
7
7
7
7
7
7
7
7
7
7
7
7
7
7
7
7
7
7
7
7
7
7
7
7
7
7
7
7
7
7
7
7
7
7
7
7
7
7
7
7
7
7
7
7
7
7
7
7
7
7
7
7
7
7
7
7
7
7
7
7
7
7
7
7
7
7
7
7
7
7
7
7
7
7
7
7
7
7
7
7
7
7
7
7
7
7
7
7
7
7
7
7
7
7
7
7
7
7
7
7
7
7
7
7
7
7
7
7
7
7
7
7
7
7
7
7
7
7
7
7
7
7
7
7
7
7
7
7
7
7
7
7
7
7
7
7
7
7
7
7
7
7
7
7
7
7
7
7
7
7
7
7
7
7
7
7
7
7
7
7
7
7
7
7
7
7
7
7
7
7
7
7
7
7
7
7
7
7
7
7
7
7
7
7
7
7
7
7
7
7
7
7
7
7
7
7
7
7
7
7
7
7
7
7
7
7
7
7
7
7
7
7
7
7
7
7
7
7
7
7
7
7
7
7
7
7
7
7
7
7
7
7
7
7
7
7
7
7
7
7
7
7
7
7
7
7
7
7
7
7
7
7
7
7
7
7
7
7
7
7
7
7
7
7
7
7
7
7
7
7
7
7
7
7
7
7
7
7
7
7
7
7
7
7
7
7
7
7
7
7
7
7
7
7
7
7
7
7
7
7
7
7
7
7
7
7
7
7
7
7
7
7
7
7
7
7
7
7
7
7
7
7
7
7
7
7
7
7
7
7
7
7
7
7
7
7
7
7
7
7
7
7
7
7
7
7
7
7
7
7
7
7
7
7
7
7
7
7
7
7
7
7
7
7
7
7
7
7
7
7
7
7
7
7
7
7
7
7
7
7
7
7
7
7
7
7
7
7
7
7
7
7
7
7
7
7
7
7
7
7
7
7
7
7
7
7
7
7
7
7
7
7
7
7
7
7
7
7
7
7
7
7
7
7
7
7
7
7
7
7
7
7
7
7
7
7
7
7
7
7
7
6.99999999999
6.99999999999
6.99999999999
6.99999999999
6.99999999999
6.99999999999
6.99999999999
6.99999999999
6.99999999999
6.99999999999
6.99999999998
6.99999999998
6.99999999998
6.99999999998
6.99999999997
6.99999999997
6.99999999997
6.99999999996
6.99999999996
6.99999999995
6.99999999995
6.99999999994
6.99999999993
6.99999999992
6.99999999992
6.99999999991
6.99999999989
6.99999999988
6.99999999987
6.99999999985
6.99999999983
6.99999999981
6.99999999978
6.99999999976
6.99999999973
6.99999999969
6.99999999965
6.99999999961
6.99999999956
6.99999999951
6.99999999944
6.99999999937
6.99999999929
6.9999999992
6.9999999991
6.99999999899
6.99999999886
6.99999999871
6.99999999855
6.99999999836
6.99999999816
6.99999999792
6.99999999765
6.99999999735
6.99999999701
6.99999999662
6.99999999618
6.99999999569
6.99999999513
6.9999999945
6.99999999378
6.99999999297
6.99999999205
6.99999999101
6.99999998984
6.9999999885
6.999999987
6.99999998529
6.99999998335
6.99999998115
6.99999997866
6.99999997583
6.99999997263
6.999999969
6.99999996489
6.99999996021
6.99999995492
6.9999999489
6.99999994207
6.9999999343
6.9999999255
6.99999991552
6.99999990418
6.99999989132
6.99999987671
6.9999998601
6.99999984119
6.99999981972
6.99999979538
6.99999976774
6.99999973634
6.99999970067
6.99999966011
6.99999961396
6.9999995615
6.99999950197
6.99999943439
6.9999993576
6.99999927034
6.99999917119
6.99999905856
6.9999989305
6.99999878499
6.99999861981
6.99999843235
6.99999821955
6.99999797798
6.9999977038
6.99999739239
6.99999703866
6.99999663727
6.99999618233
6.99999566669
6.99999508224
6.99999441983
6.99999366877
6.99999281717
6.99999185247
6.99999076082
6.99998952618
6.99998812955
6.99998654987
6.9999847634
6.99998274349
6.99998046108
6.99997788485
6.99997497907
6.99997170148
6.99996800553
6.99996383982
6.99995914726
6.99995386374
6.99994791975
6.99994123668
6.9999337285
6.99992529742
6.99991583554
6.99990522093
6.99989331968
6.99987998874
6.99986507104
6.99984838882
6.99982974585
6.99980892809
6.99978569535
6.99975978563
6.99973091775
6.99969879003
6.99966306039
6.99962335578
6.99957927165
6.99953037244
6.99947617602
6.99941617547
6.99934981345
6.99927647283
6.9991955026
6.99910620089
6.99900780881
6.99889953376
6.99878050464
6.99864974834
6.99850628429
6.99834906983
6.99817695958
6.9979887397
6.99778311063
6.99755875017
6.99731431541
6.99704824214
6.99675886616
6.99644447995
6.9961034219
6.99573396879
6.99533425975
6.9949021505
6.99443549982
6.99393228135
6.99339030788
6.99280729282
6.99218087765
6.99150865304
6.99078819435
6.99001694582
6.98919214733
6.98831113816
6.98737153783
6.98637078064
6.98530589971
6.98417392883
6.98297207344
6.98169776246
6.9803485263
6.9789214078
6.97741342342
6.97582188337
6.97414415049
6.97237755575
6.9705195961
6.96856765131
6.96651939481
6.9643722816
6.96212360441
6.959771226
6.95731322322
6.9547475706
6.95207212433
6.94928480983
6.94638376499
6.94336747272
6.94023444291
6.93698311078
6.9336121575
6.93012026584
6.92650630499
6.92276937945
6.91890854832
6.91492300805
6.91081214275
6.90657546398
6.9022126803
6.89772329779
6.89310709934
6.88836415817
6.88349441231
6.87849809026
6.87337539979
6.8681267081
6.86275235246
6.85725281102
6.85162879619
6.84588101168
6.84001023841
6.83401723736
6.82790294763
6.82166831933
6.815314461
6.80884247216
6.80225350896
6.7955487508
6.78872947436
6.78179698264
6.77475261471
6.7675977475
6.76033379198
6.75296219525
6.74548441767
6.7379019457
6.73021628712
6.72242897727
6.71454155236
6.70655557181
6.69847259607
6.69029420083
6.6820219625
6.67365746486
6.66520228805
6.65665801552
6.64802622086
6.63930848794
6.6305063776
6.621621463
6.61265530039
6.60360943397
6.59448540639
6.58528473525
6.57600894728
6.56665953318
6.55723799029
6.54774578075
6.538184397
6.52855525518
6.51885980765
6.50909944951
6.49927559964
6.4893896278
6.47944290418
6.46943678085
6.45937259075
6.44925166772
6.43907529386
6.42884475869
6.41856133966
6.40822626597
6.39784079386
6.38740611897
6.37692347264
6.36639404865
6.35581900814
6.34519949169
6.33453667072
6.32383166059
6.31308555679
6.30229947703
6.29147452371
6.28061174705
6.26971222336
6.25877699807
6.24780710382
6.23680355564
6.22576738458
6.21469954507
6.20360110654
6.19247301783
6.18131625842
6.17013180421
6.15892057549
6.14768354537
6.13642166501
6.12513583066
6.11382698924
6.10249610808
6.09114405841
6.07977174625
6.06838011475
6.05697006394
6.04554242553
6.03409811837
6.0226381544
6.0111633041
5.99967448595
5.98817267202
5.97665871534
5.96513341148
5.9535977231
5.94205260893
5.93049896234
5.91893752486
5.90736934304
5.89579542704
5.88421653598
5.87263350691
5.86104743825
5.84945924983
5.8378698298
5.82628006001
5.81469107861
5.80310385108
5.79151916873
5.7799380563
5.76836167398
5.75679091339
5.74522681335
5.73367037817
5.72212275903
5.71058502841
5.69905819827
5.68754327829
5.67604154562
5.66455405816
5.65308204373
5.64162651139
5.63018885186
5.61877030564
5.60737191785
5.59599490167
5.58464076413
5.57331068945
5.56200599729
5.55072801631
5.53947816421
5.52825787803
5.51706860588
5.50591161806
5.49478838265
5.48370057482
5.47264990764
5.46163744128
5.45066502151
5.43973457969
5.42884742393
5.4180050222
5.40720938817
5.39646230879
5.38576547338
5.37512043233
5.36452925095
5.35399389397
5.34351598531
5.33309742749
5.32274017259
5.31244609434
5.30221754127
5.2920561177
5.2819638425
5.27194302728
5.26199565891
5.25212342286
5.24232866368
5.23261360969
5.22298018518
5.21343037205
5.20396662023
5.19459074397
5.1853048598
5.17611121625
5.16701174703
5.15800828458
5.14910345249
5.14029909523
5.13159686021
5.12299893697
5.11450761733
5.10612409995
5.09785033939
5.08968882144
5.08164073397
5.07370732077
5.06589104104
5.05819345226
5.05061501519
5.04315738675
5.03582273282
5.02861184958
5.0215248127
5.01456365655
5.00772978749
5.00102267743
4.99444287957
4.98799222743
4.98167054839
4.97547745681
4.96941375092
4.96347971626
4.95767444935
4.95199772737
4.94644998914
4.94103034424
4.93573735983
4.93057073178
4.92553039772
4.92061432963
4.91582063669
4.91114895786
4.90659821906
4.90216592632
4.89785010634
4.89364949393
4.88956245501
4.88558579356
4.88171775401
4.87795685918
4.87429985838
4.87074369142
4.86728637874
4.86392604411
4.86065860464
4.85748113202
4.85439141079
4.85138667759
4.84846307534
4.84561709393
4.84284638908
4.84014776934
4.83751683289
4.83495084862
4.8324462628
4.82999925415
4.8276068329
4.82526456055
4.82296948304
4.82071642666
4.81850285254
4.81632449523
4.8141775591
4.81205643254
4.80995859303
4.80787899967
4.80581338531
4.80375698046
4.80170494108
4.79965374046
4.79759648886
4.79552952201
4.79344609392
4.79134259522
4.78921229426
4.78704957334
4.78484767512
4.78260114296
4.78030286023
4.77794621047
4.77552338317
4.77302746565
4.77044960159
4.76778204409
4.7650157799
4.76214185773
4.75915063199
4.75603183254
4.75277475452
4.74936866769
4.74580162609
4.74206135378
4.73813547422
4.73400998501
4.72967173024
4.7251053917
4.72029637613
4.71522804097
4.70988422876
4.70424741882
4.69830100123
4.69202549977
4.68540115021
4.67840994655
4.67103017811
4.66324300772
4.65502458567
4.64635514032
4.63721167651
4.62757294574
4.61741501597
4.60671560871
4.59545298046
4.58360343025
4.57114497709
4.55805552964
4.54431398492
4.529898747
4.51478952188
4.49896855701
4.48241688497
4.46511771766
4.44705562416
4.42821833588
4.40859352097
4.38817047659
4.36694328329
4.3449052752
4.32205447448
4.29839088787
4.27391503432
4.24863496957
4.22255625143
4.19569097591
4.16805157835
4.13965448421
4.11052167678
4.08067178732
4.0501298016
4.01892477582
3.98708538771
3.95464299679
3.92163176891
3.88808802044
3.85404904482
3.81955087157
3.78463766539
3.74934768317
3.71372402256
3.67780697912
3.64163852646
3.60526790044
3.56872955289
3.53206798255
3.49532902279
3.45855006572
3.42177282457
3.38503209533
3.34836983796
3.31182191286
3.27541751763
3.23919549755
3.20318209816
3.16741259038
3.13191283126
3.09669853696
3.06180913136
3.02726294585
2.9930732164
2.95926668139
2.92585203069
2.89285628053
2.86029153589
2.82815690597
2.79647503292
2.76525616733
2.73450513924
2.7042299478
2.67442994912
2.6451185989
2.61629984734
2.58796576655
2.56012515895
2.53278023637
2.5059257756
2.47956293755
2.45368896276
2.42830505681
2.40340703584
2.37898426616
2.35503756962
2.33156774917
2.30856618329
2.28602712761
2.26394158711
2.24230603749
2.22111770728
2.2003679161
2.18005206471
2.16016072728
2.14068599457
2.12162411022
2.10297010443
2.0847130027
2.0668466653
2.04936587071
2.03226025757
2.01552467494
1.99915427186
1.98314002086
1.96747405844
1.95215047094
1.93716136348
1.9225016594
1.90816532954
1.89414428605
1.88043202711
1.86701956219
1.853902484
1.84107603708
1.82853446826
1.81627315702
1.80428258048
1.79255438834
1.78108313206
1.7698658386
1.75889905006
1.74817952333
1.73769825314
1.72744615038
1.71741754277
1.70760976976
1.69802240158
1.6886482469
1.67948273479
1.67052001895
1.66175212989
1.65317643886
1.64479096084
1.63659193248
1.62857514599
1.62073427445
1.61306551576
1.6055633451
1.59822449821
1.5910486694
1.58403102652
1.57716827699
1.57045694486
1.56388944021
1.55746149685
1.55117433491
1.54502572473
1.53901265837
1.53313237914
1.52737932448
1.52174582026
1.51622969249
1.51083414725
1.50555982415
1.50040090224
1.49535306556
1.49040987462
1.48556714575
1.48082650602
1.47618976776
1.4716552877
1.46721836017
1.4628739695
1.45861616899
1.45444295375
1.4503599157
1.4463668275
1.44245688873
1.43862653133
1.43487492731
1.43119773221
1.4275944643
1.42406686092
1.4206119005
1.41722727787
1.41391015432
1.41065882836
1.40747121891
1.40434548096
1.40128271631
1.39828109578
1.39533740151
1.39245079142
1.3896196949
1.38684208181
1.38411608749
1.38144119849
1.37881739849
1.37624272132
1.37371588978
1.37123509281
1.36879757749
1.36640267147
1.36405102028
1.36174063894
1.35947218533
1.35724250795
1.35504933637
1.35289239998
1.35077096742
1.34868499859
1.34663290433
1.34461345222
1.34262501054
1.34066713262
1.33873923802
1.33684049348
1.33497005356
1.33312586591
1.33130711671
1.32951351622
1.32774389705
1.32599829157
1.32427616122
1.32257641414
1.32089715677
1.31923712019
1.31759584446
1.31597369024
1.31437047415
1.31278464154
1.31121522651
1.30966131396
1.30812205699
1.3065972662
1.30508599085
1.30358784129
1.30210260163
1.30062875128
1.2991656227
1.2977131544
1.29627086583
1.29483773856
1.29341244493
1.2919949936
1.29058562287
1.28918289208
1.28778620557
1.2863949674
1.28500878835
1.28362723894
1.28224945079
1.28087471008
1.27950328335
1.27813421844
1.2767669382
1.27540128753
1.27403685769
1.27267275771
1.27130837037
1.26994340891
1.26857806227
1.26721143063
1.26584228356
1.26447031687
1.26309529988
1.26171656484
1.26033408849
1.25894759147
1.25755710047
1.2561615766
1.25476045969
1.2533530102
1.25193848869
1.25051652779
1.24908732757
1.24765109613
1.24620769613
1.24475635341
1.24329617004
1.24182684932
1.24034739911
1.23885722454
1.23735614843
1.23584503044
1.23432447188
1.23279327443
1.23125066157
1.22969587818
1.22812881495
1.22654809543
1.2249537845
1.22334669029
1.22172785422
1.22009640007
1.21845152449
1.21679214276
1.21511809966
1.21342895399
1.21172397806
1.21000446256
1.20827151945
1.20652393126
1.20476163724
1.20298396421
1.201190074
1.19938009974
1.19755349844
1.19571113158
1.19385372055
1.19198131184
1.1900934132
1.18819042171
1.18627105039
1.18433459772
1.18238270127
1.18041521738
1.17843268697
1.17643555358
1.17442412153
1.17239813267
1.17035727348
1.16830132162
1.16623076281
1.1641454773
1.16204751655
1.15993803139
1.15781687956
1.15568304958
1.15353848492
1.15138322484
1.14921555606
1.14703584727
1.14484696551
1.14265095562
1.14044792266
1.13823825116
1.13602338749
1.13380294293
1.13157599752
1.12934225516
1.12710492586
1.12486756879
1.12263051431
1.12039316369
1.11815737474
1.11592460074
1.11369318861
1.11146253942
1.10923806755
1.10702218211
1.104813118
1.10261288421
1.10042438618
1.09824607867
1.09607622544
1.0939196341
1.09178013026
1.08965594089
1.08754788185
1.08545782838
1.08338660301
1.08133468643
1.07930599075
1.07730018717
1.07531724093
1.0733593049
1.07142606774
1.06951950832
1.0676413923
1.06579100404
1.06396727342
1.06217482098
1.06041510584
1.05868410948
1.05698494631
1.05532016018
1.05368599801
1.0520834989
1.05051553665
1.04898177237
1.04748188346
1.04601716879
1.04458598538
1.04318386992
1.0418156929
1.04048516118
1.03918737595
1.03792081358
1.0366911118
1.03549562984
1.034328489
1.03319509203
1.03209471674
1.03102531409
1.02998729521
1.02898076618
1.0280028993
1.02705101567
1.02612827202
1.02523827892
1.02437420829
1.02353557753
1.02272751864
1.02194559002
1.02118432041
1.02044785044
1.01973753969
1.01905035662
1.01838723526
1.017746019
1.01712612635
1.01652521854
1.01594426513
1.01538476002
1.01484426905
1.01432130201
1.01381868347
1.0133338317
1.01286293061
1.01240866183
1.01197163646
1.01154920317
1.01114077905
1.01074777105
1.01036999862
1.01000387916
1.00965009148
1.0093108782
1.00898309265
1.00866572273
1.00835982615
1.00806557585
1.00778122236
1.00750614789
1.00724184858
1.00698747038
1.00674181327
1.00650460548
1.00627650168
1.00605670554
1.00584318069
1.00563878055
1.00544207823
1.00525107628
1.00506641723
1.00488905643
1.00471822122
1.00455266047
1.00439382629
1.00424102471
1.00409357388
1.00395097257
1.00381327406
1.00368049109
1.00355189898
1.00342831031
1.00330969731
1.00319499648
1.00308391768
1.00297711122
1.00287390335
1.0027739935
1.0026778503
1.00258565103
1.0024966401
1.00241070676
1.00232760092
1.00224698123
1.00216909324
1.00209424774
1.00202249781
1.00195314279
1.00188611742
1.00182152442
1.00175900324
1.00169804065
1.00163920222
1.00158306338
1.0015291983
1.00147691383
1.00142651663
1.0013779037
1.00133054846
1.00128454893
1.00124065743
1.00119847605
1.00115751042
1.00111811631
1.0010802737
1.00104329948
1.00100724846
1.00097277275
1.00093984559
1.00090781559
1.00087690782
1.00084727358
1.00081859018
1.00079035424
1.00076311533
1.00073719975
1.00071208598
1.00068780769
1.00066451439
1.00064198519
1.0006199382
1.00059871985
1.00057849366
1.00055901857
1.00054003788
1.00052169323
1.0005040705
1.00048678618
1.00046985963
1.00045373666
1.0004384251
1.00042359332
1.00040920364
1.00039533826
1.00038193444
1.00036873914
1.00035610601
1.0003441261
1.00033241625
1.000320929
1.00031003309
1.00029954779
1.00028915504
1.00027916819
1.00026966848
1.00026053034
1.00025169131
1.00024318131
1.00023489156
1.00022675321
1.00021885867
1.00021130485
1.00020407291
1.00019708441
1.00019037089
1.00018392519
1.00017761301
1.00017142063
1.0001654716
1.00015979468
1.00015431094
1.00014899998
1.00014387068
1.00013886114
1.00013396559
1.00012928053
1.00012478227
1.00012048292
1.0001163403
1.00011235443
1.00010848127
1.00010465747
1.00010098907
1.00009743284
1.00009403087
1.0000907351
1.00008755563
1.00008449734
1.00008153827
1.00007863337
1.0000758226
1.00007317244
1.00007063715
1.00006817636
1.00006578102
1.00006345286
1.00006113588
1.00005890822
1.00005681585
1.00005482869
1.00005288422
1.00005101598
1.00004922958
1.0000474273
1.00004566493
1.00004401914
1.00004245632
1.00004092225
1.00003945002
1.00003804957
1.00003664556
1.0000352742
1.00003399019
1.00003277951
1.00003159681
1.0000304476
1.0000293399
1.00002824139
1.00002714673
1.00002612435
1.00002517797
1.00002426525
1.000023388
1.00002254527
1.00002169595
1.0000208385
1.00002005824
1.00001930613
1.00001855732
1.00001785013
1.00001719359
1.00001654825
1.00001588124
1.0000152763
1.00001471926
1.00001415842
1.00001360783
1.00001309358
1.00001259617
1.00001208625
1.00001160024
1.00001115175
1.00001072314
1.00001030004
1.0000099014
1.00000951993
1.00000912818
1.00000875325
1.00000840616
1.0000080783
1.00000775626
1.0000074487
1.00000714386
1.00000683824
1.00000655326
1.00000629544
1.00000603924
1.00000579118
1.0000055619
1.0000053291
1.0000050909
1.00000486861
1.00000467438
1.00000448569
1.00000429098
1.00000410776
1.00000394076
1.00000376971
1.00000359741
1.00000344164
1.00000329567
1.00000314941
1.00000301487
1.00000288623
1.00000275446
1.00000262248
1.00000250516
1.000002394
1.00000228692
1.00000218854
1.00000209372
1.00000199075
1.00000188658
1.00000180049
1.0000017195
1.00000163925
1.00000156424
1.00000149445
1.00000142226
1.0000013445
1.00000127845
1.00000121678
1.00000115607
1.00000109987
1.00000104867
1.000000995
1.00000093794
1.00000088802
1.00000084528
1.00000080155
1.00000076035
1.00000072306
1.00000068491
1.00000064311
1.0000006067
1.00000057484
1.00000054462
1.00000051349
1.00000048706
1.00000046132
1.00000043148
1.00000040591
1.0000003839
1.00000036062
1.00000033775
1.00000031934
1.00000030081
1.00000027823
1.00000025891
1.00000024308
1.00000022654
1.00000021095
1.00000019856
1.00000018596
1.00000017043
1.00000015681
1.0000001456
1.00000013516
1.00000012438
1.00000011621
1.00000010845
1.0000000977
1.00000008845
1.00000008241
1.00000007645
1.0000000695
1.00000006389
1.00000005883
1.0000000515
1.00000004538
1.00000004152
1.00000003774
1.00000003327
1.00000002992
1.0000000266
1.00000002145
1.00000001761
1.00000001558
1.00000001345
1.00000001079
1.00000000935
1.00000000785
1.00000000447
1.00000000225
1.00000000162
1.00000000105
1.00000000028
1.00000000006
1.00000000001
1
1
1
1
1
1
1
1
1
1
1
1
1
1
1
1
1
1
1
1
1
1
1
1
1
1
1
1
1
1
1
1
1
1
1
1
1
1
1
1
1
1
1
1
1
1
1
1
1
1
1
1
1
1
1
1
1
1
1
1
1
1
1
1
1
1
1
1
1
1
1
1
1
1
1
1
1
1
1
1
1
1
1
1
1
1
1
1
1
1
1
1
1
1
1
1
1
1
1
1
1
1
1
1
1
1
1
1
1
1
1
1
1
1
1
1
1
1
1
1
1
1
1
1
1
1
1
1
1
1
1
1
1
1
1
1
1
1
1
1
1
1
1
1
1
1
1
1
1
1
1
1
1
1
1
1
1
1
1
1
1
1
1
1
1
1
1
1
1
1
1
1
1
1
1
1
1
1
1
1
1
1
1
1
1
1
1
1
1
1
1
1
1
1
1
1
1
1
1
1
1
1
1
1
1
1
1
1
1
1
1
1
1
1
1
1
1
1
1
1
1
1
1
1
1
1
1
1
1
1
1
1
1
1
1
1
1
1
1
1
1
1
1
1
1
1
1
1
1
1
1
1
1
1
1
1
1
1
1
1
1
1
1
1
1
1
