7
7
7
7
7
7
7
7
7
7
7
7
7
7
7
7
7
7
7
7
7
7
7
7
7
7
7
7
7
7
7
7
7
7
7
7
7
7
7
7
7
7
7
7
7
7
7
7
7
7
7
7
7
7
7
7
7
7
7
7
7
7
7
7
7
7
7
7
7
7
7
7
7
7
7
7
7
7
7
7
7
7
7
7
7
7
7
7
7
7
7
7
7
7
7
7
7
7
7
7
7
7
7
7
7
7
7
7
7
7
7
7
7
7
7
7
7
7
7
7
7
7
7
7
7
7
7
7
7
7
7
7
7
7
7
7
7
7
7
7
7
7
7
7
7
7
7
7
7
7
7
7
7
7
7
7
7
7
7
7
7
7
7
7
7
7
7
7
7
7
7
7
7
7
7
7
7
7
7
7
7
7
7
7
7
7
7
7
7
7
7
7
7
7
7
7
7
7
7
7
7
7
7
7
7
7
7
7
7
7
7
7
7
7
7
7
7
7
7
7
7
7
7
7
7
7
7
7
7
7
7
7
7
7
7
7
7
7
7
7
7
7
7
7
7
7
7
7
7
6.99999999999
6.99999999997
6.99999999984
6.99999999929
6.99999999885
6.99999999856
6.99999999755
6.99999999482
6.99999999339
6.9999999928
6.99999999172
6.99999998998
6.9999999891
6.99999998814
6.99999998529
6.99999998197
6.99999998065
6.99999997948
6.99999997707
6.99999997509
6.99999997378
6.99999997136
6.99999996624
6.99999996319
6.99999996145
6.99999995894
6.99999995534
6.99999995311
6.99999995072
6.99999994533
6.99999993915
6.99999993607
6.99999993327
6.99999992851
6.99999992435
6.99999992126
6.99999991639
6.99999990714
6.99999990111
6.99999989718
6.99999989205
6.99999988517
6.99999988039
6.99999987535
6.99999986553
6.99999985428
6.99999984794
6.9999998421
6.99999983315
6.99999982498
6.99999981852
6.99999980937
6.99999979323
6.99999978182
6.99999977378
6.99999976405
6.99999975144
6.99999974199
6.99999973219
6.99999971518
6.99999969526
6.99999968301
6.99999967157
6.99999965557
6.99999964042
6.99999962793
6.99999961156
6.99999958394
6.99999956312
6.9999995478
6.99999953
6.99999950741
6.99999948946
6.99999947115
6.99999944202
6.99999940764
6.99999938501
6.99999936394
6.99999933572
6.99999930843
6.9999992852
6.99999925609
6.99999920975
6.99999917323
6.99999914534
6.9999991137
6.99999907473
6.9999990426
6.99999900955
6.99999895952
6.99999890122
6.99999886065
6.99999882277
6.99999877458
6.99999872716
6.99999868561
6.99999863463
6.9999985574
6.99999849436
6.99999844429
6.99999838896
6.99999832229
6.99999826503
6.99999820614
6.99999812295
6.99999802626
6.99999795554
6.99999788887
6.99999780631
6.9999977245
6.99999765108
6.99999756353
6.99999743679
6.99999733024
6.99999724269
6.99999714714
6.99999703442
6.99999693476
6.99999683304
6.99999669517
6.99999653534
6.99999641275
6.99999629682
6.99999615895
6.99999602001
6.99999589211
6.99999574407
6.99999553733
6.99999535705
6.99999520474
6.99999504256
6.99999485414
6.9999946825
6.99999450717
6.99999427975
6.9999940166
6.99999380695
6.9999936082
6.99999337715
6.99999314163
6.9999929225
6.99999267401
6.99999233809
6.9999920375
6.99999177828
6.99999150359
6.99999118857
6.99999089737
6.99999060141
6.99999022891
6.99998979945
6.99998944444
6.99998910555
6.999988719
6.99998832215
6.99998794998
6.99998753464
6.99998698913
6.99998648733
6.99998604698
6.99998558697
6.99998506669
6.99998457493
6.99998407558
6.99998346604
6.99998276732
6.99998217478
6.99998160035
6.99998095837
6.99998029892
6.9999796664
6.99997896832
6.99997808778
6.99997726366
6.99997652081
6.99997574641
6.99997488576
6.99997406238
6.99997321867
6.99997221995
6.99997108986
6.99997009812
6.99996913129
6.9999680703
6.99996697498
6.99996590961
6.99996474839
6.99996332906
6.99996197386
6.99996072813
6.99995943998
6.99995802448
6.99995664321
6.99995521834
6.99995357301
6.99995173981
6.99995008839
6.99994847404
6.99994673367
6.99994491922
6.99994312698
6.99994119778
6.99993890847
6.99993668392
6.99993459774
6.99993245054
6.99993011519
6.99992780763
6.99992542915
6.99992273669
6.99991976863
6.99991703218
6.99991432565
6.99991142773
6.99990842275
6.99990543122
6.99990224778
6.99989854614
6.99989489623
6.99989142452
6.99988785789
6.99988401018
6.99988016781
6.99987621611
6.99987179605
6.99986696794
6.99986243556
6.99985794364
6.99985315692
6.99984817907
6.99984318088
6.99983792601
6.99983192842
6.99982594494
6.99982018871
6.99981426378
6.99980790942
6.9998015144
6.99979495397
6.99978771373
6.99977989985
6.99977243082
6.99976496348
6.9997570214
6.99974877946
6.99974048739
6.99973180388
6.99972204702
6.9997122527
6.9997027187
6.99969291008
6.99968242291
6.99967183758
6.99966099391
6.99964910898
6.9996363865
6.99962410456
6.99961176358
6.99959865981
6.99958507364
6.99957136558
6.99955694489
6.99954096679
6.99952494575
6.99950920544
6.99949302097
6.99947579184
6.99945834659
6.99944046343
6.99942101981
6.99940037635
6.99938018688
6.99935975284
6.99933815409
6.99931586477
6.9992932873
6.99926946713
6.99924351424
6.99921748634
6.99919159292
6.99916474313
6.99913638393
6.99910781871
6.99907843767
6.99904658443
6.99901312307
6.9989801849
6.99894662094
6.99891103153
6.99887459941
6.99883759903
6.99879853076
6.99875631617
6.99871410672
6.99867168573
6.99862760426
6.9985814001
6.99853475634
6.99848652433
6.99843456804
6.99838062369
6.99832701642
6.99827194208
6.99821393077
6.99815475655
6.99809430983
6.99803078392
6.99796290449
6.99789482323
6.99782588541
6.99775409674
6.99767950335
6.99760388458
6.99752521723
6.99744095535
6.99735483866
6.99726820751
6.99717879252
6.99708526867
6.99699015586
6.99689225107
6.99678913433
6.99668080479
6.99657171545
6.99646030593
6.99634462752
6.99622554045
6.99610410826
6.9959776814
6.9958432974
6.99570655568
6.99556804955
6.99542472512
6.99527612018
6.99512462253
6.99496819981
6.99480355975
6.99463281207
6.99446010147
6.99428280468
6.99409908229
6.99391065685
6.99371809676
6.9935178812
6.99330715197
6.99309262315
6.99287403608
6.99264820988
6.99241541604
6.99217740934
6.99193136955
6.9916738358
6.99140875267
6.99113907104
6.99086207208
6.99057626525
6.99028365323
6.98998342292
6.98967178555
6.98934637122
6.98901566601
6.98867743351
6.98832876737
6.98797038353
6.98760333109
6.987224776
6.98683065605
6.98642609688
6.98601475123
6.98559244033
6.98515666995
6.98471119119
6.98425270757
6.98377736778
6.98328584502
6.98278610691
6.98227568424
6.98175078816
6.98121138165
6.98065950785
6.98009137306
6.97950100279
6.97889819374
6.9782846941
6.97765441575
6.97700712907
6.97634537005
6.97566522177
6.97496098543
6.97423850774
6.9735031658
6.97275152317
6.97197922122
6.97118949285
6.97038239076
6.96955118231
6.96869058338
6.9678163831
6.96692600169
6.96601246323
6.96507678784
6.96412106232
6.96314088374
6.96212881514
6.96109377982
6.96004255757
6.95896965673
6.95786978442
6.9567478148
6.95560000409
6.95441775477
6.95320248778
6.95197060376
6.95071661531
6.94943212905
6.94812156169
6.94678501401
6.94541470652
6.94400290669
6.94256516986
6.94110698502
6.93962144154
6.9381030118
6.93655730453
6.93497573383
6.93334809826
6.9316881215
6.93000417201
6.9282912096
6.92654367994
6.92476604225
6.92295420281
6.92109485352
6.91919029871
6.91726154533
6.9153036141
6.91330843614
6.91127478407
6.90920817288
6.90709725983
6.90493370809
6.9027372394
6.90051200207
6.89825028866
6.89594456519
6.89360292743
6.8912195699
6.88878267202
6.88629965474
6.88378750547
6.8812385125
6.87864381905
6.87600600872
6.87332989555
6.87060555794
6.86782113449
6.86500241835
6.8621503072
6.85925123338
6.85630295805
6.85331507954
6.85028112564
6.84718775505
6.84404301167
6.84086806456
6.83765117133
6.83438127092
6.83106768737
6.82770931666
6.82429405255
6.82081458356
6.81730030963
6.8137480552
6.81014491502
6.80649159865
6.80279548002
6.79904626252
6.79522860703
6.79136220532
6.78746190368
6.78351588353
6.77951459081
6.77546923253
6.77137359785
6.76721142777
6.76298515023
6.75872624539
6.75442629793
6.75007274848
6.7456690606
6.74121889557
6.73670746679
6.73212187085
6.72749510337
6.72283270164
6.71812101154
6.71335292854
6.70854088004
6.70367419058
6.69873498382
6.69373579191
6.68870505421
6.68363105908
6.67850013535
6.67332072002
6.66809316483
6.66280071709
6.65743293129
6.65202963019
6.64659008542
6.6410986523
6.6355517851
6.62996131087
6.62431346733
6.61858931278
6.61281141516
6.60700428656
6.60115312309
6.59524401265
6.58929005421
6.5832867202
6.57721476701
6.571069696
6.56489520075
6.55868517675
6.55242251023
6.54610748373
6.5397501939
6.53333399969
6.5268389438
6.52029861745
6.51373207317
6.50712211654
6.50045515462
6.49374732496
6.48698992441
6.48016112708
6.47326405086
6.46634454244
6.45939181971
6.45238698568
6.44533433095
6.43824118674
6.43108789158
6.42385433255
6.41658562288
6.4092948488
6.40196279951
6.39457696219
6.38715506544
6.37968398199
6.37213904215
6.36453154239
6.35690850482
6.34925590124
6.34155336413
6.33380925388
6.3260277945
6.31818593913
6.31026383004
6.30231613005
6.29435084565
6.2863467108
6.27829298138
6.27020871773
6.2620770019
6.25387049019
6.24560852253
6.23733847635
6.22904291552
6.22069971408
6.21232122829
6.20390874923
6.1954360601
6.18688461706
6.17831757803
6.16973871344
6.1611242183
6.1524648236
6.14378025089
6.13505013401
6.12624437996
6.11739029476
6.10853637759
6.09966204089
6.0907427787
6.08179470197
6.07281617707
6.06377753527
6.05466150253
6.04553984069
6.03641314047
6.02725464904
6.01805574321
6.00883711055
5.99957474272
5.99023517218
5.98085391599
5.97148166583
5.96209452851
5.95266566176
5.94321432355
5.93373595437
5.92419695709
5.91458090751
5.90496838938
5.89535788918
5.88571957251
5.87604535228
5.86635680238
5.85662603919
5.84681575405
5.83696848244
5.82713874296
5.81729974497
5.80742174633
5.79752684032
5.78760837009
5.77762802392
5.76756876934
5.75752131592
5.74748291295
5.73742033978
5.72732496559
5.71722002668
5.70707337464
5.69684309641
5.68657817204
5.6763392122
5.66609640371
5.65581628613
5.6455233333
5.63520885239
5.62482950048
5.61436611302
5.60392170481
5.5934936347
5.58304394191
5.57256182066
5.56207381535
5.55154323833
5.54092163574
5.53026375106
5.51964107568
5.5090192203
5.49835880494
5.48768701791
5.47699517017
5.46623311019
5.45537580049
5.44454356109
5.43373484192
5.42290482358
5.4120397764
5.40117098233
5.39025654637
5.3792399449
5.36817860863
5.35716176007
5.34614968543
5.33509569013
5.32402893503
5.31294047425
5.3017731194
5.29049512092
5.27924161075
5.26801921548
5.25677589063
5.24549059003
5.23420273894
5.22286089767
5.21139972557
5.1998818811
5.18841428735
5.17695519013
5.16544949317
5.15392399619
5.14237506017
5.13073573472
5.11895578492
5.10720052983
5.09548503083
5.08374657296
5.0719550969
5.06015901957
5.04830035959
5.03629816242
5.02421492045
5.0121899365
5.0001791644
4.98811412047
4.97602036099
4.96390023661
4.95166808217
4.93925968112
4.9268698767
4.914532363
4.90217145931
4.88974225052
4.87730854198
4.86479922154
4.85211111581
4.8393037132
4.82657210323
4.81386510832
4.80109441882
4.78828315382
4.77544478481
4.7624723279
4.74926276913
4.73606326373
4.72294143536
4.70980449435
4.69658158234
4.68335497258
4.67004287733
4.65650369511
4.64277744129
4.62915999823
4.61559783563
4.60196925818
4.58828641323
4.57458675859
4.56071944424
4.54652498654
4.53231358807
4.51824427572
4.50419382458
4.49003397346
4.4758886725
4.46166093559
4.44712145916
4.43225180719
4.41756736839
4.40303026734
4.38844125668
4.37378192799
4.35917060862
4.34434990651
4.32896796569
4.31346672678
4.298333134
4.28334615904
4.26818012322
4.25312450382
4.23815405748
4.22265306905
4.20599437369
4.18983927098
4.17469038929
4.16015434117
4.14202697611
4.12735437348
4.11199383003
4.09549318952
4.07819697973
4.06190797477
4.04614639234
4.03021559013
4.01397968809
3.99781594153
3.98139634682
3.96443149973
3.94725193708
3.93065290806
3.91424888023
3.89768776709
3.88099956588
3.864293691
3.84729801971
3.82986851075
3.81256532444
3.79565030118
3.77878809729
3.76175335414
3.74470273758
3.72755556743
3.71009898901
3.69235203912
3.67494599876
3.65777252575
3.64055613958
3.62321265001
3.60589632325
3.58841358117
3.5706024199
3.55277181902
3.53531035154
3.5179623237
3.50050902634
3.4830418282
3.46555378545
3.44784787902
3.42986409814
3.41214519274
3.39470445156
3.377285343
3.35976731227
3.34231368893
3.32476792029
3.3069578939
3.28907463888
3.27158576592
3.25426379876
3.23688879226
3.21951551517
3.20218212474
3.1846904918
3.16694041844
3.14943193245
3.1322538912
3.11515186364
3.09798180876
3.08090857717
3.06379943226
3.04647038126
3.02904997218
3.01205569848
2.99528102982
2.97849511905
2.96172935976
2.94505211887
2.9282586516
2.9112212267
2.89442330422
2.87800696604
2.86170973341
2.84536786684
2.82915258002
2.81294314624
2.79653836737
2.78003437179
2.76399078174
2.74820985833
2.73244744904
2.71672107999
2.70111924223
2.68542568495
2.66949217707
2.65380444254
2.63854175621
2.62342733636
2.60828287379
2.59328671336
2.57832196212
2.56317255468
2.54791556322
2.53314906293
2.51867612625
2.50423803612
2.48984480141
2.47559983369
2.46127428643
2.44670045427
2.43237870711
2.41851479427
2.40481730212
2.39109375807
2.37753039824
2.364011818
2.35030562265
2.33647869705
2.32316740336
2.31016990621
2.29721122064
2.28429774614
2.27154460258
2.25871190747
2.24561520098
2.23277422841
2.2204131499
2.20822380246
2.19600403395
2.18395204456
2.17194618032
2.15973942081
2.14739585504
2.1355891241
2.12410563612
2.11265432506
2.10124424143
2.08999935969
2.07866511263
2.06704680039
2.05568673981
2.04482012329
2.03412312464
2.02338369902
2.01281345705
2.00228597039
1.99153908924
1.98063987801
1.97029042717
1.96026437812
1.95025987801
1.9402907054
1.93048552195
1.92057708688
1.91036054594
1.9004064017
1.89095153369
1.88165737592
1.87230676512
1.86312446456
1.85397496369
1.84458475509
1.83503066854
1.82603595004
1.81735940933
1.80868898403
1.80004633094
1.79156186106
1.78295907551
1.77402580208
1.76536020062
1.75719365463
1.74917542555
1.74108589415
1.7331607249
1.72525680434
1.71709305296
1.70875629321
1.70098456415
1.69352026715
1.68604446458
1.6785913775
1.67128929722
1.6638529926
1.65606943703
1.64855922096
1.64153932693
1.63465234074
1.6276812092
1.62087212803
1.61407156662
1.60699416116
1.59974010072
1.59305270429
1.58665719363
1.58023303786
1.57382769995
1.56756418485
1.56115223685
1.55437949861
1.54788992106
1.54187847975
1.53598130594
1.529988507
1.52415529989
1.51831738589
1.51218617822
1.50588727369
1.50014843793
1.49468179973
1.48917055539
1.48367908301
1.47831800396
1.47279590929
1.46690712591
1.46131177543
1.45617346115
1.4511302714
1.44598529549
1.4409971213
1.43599159128
1.43068166123
1.42521866042
1.42030426614
1.41563952881
1.41091463962
1.40621141268
1.40162674466
1.39687099823
1.39174997037
1.38693472849
1.38255142672
1.37824299834
1.37382744323
1.3695663643
1.36527461831
1.36067109492
1.3559370969
1.35173688606
1.34776022097
1.34370907719
1.33968484611
1.33576635762
1.33166813807
1.32721292605
1.32307673501
1.31934063419
1.31565832318
1.31187076371
1.30823336761
1.30455349189
1.3005600595
1.29646257195
1.29287595592
1.28948651356
1.28601212144
1.28257235117
1.27922377455
1.27569080463
1.2718150275
1.2682679918
1.26508685011
1.26193898996
1.25869032204
1.2555873267
1.25243017394
1.24896120912
1.24542682563
1.2423684323
1.23947944334
1.23649839759
1.23356209347
1.23070256816
1.22765240416
1.22428492926
1.22125560134
1.21854840616
1.2158554116
1.21307109366
1.21042811891
1.20772141336
1.2047067738
1.20166744292
1.19906926006
1.19661066316
1.19405383729
1.1915507235
1.18910722398
1.18647771006
1.18355547277
1.18097716142
1.17868318001
1.17638222454
1.17400512496
1.17175771224
1.16943837202
1.16682463517
1.16422677649
1.16202512227
1.15993460654
1.15774452828
1.15561967583
1.15354036757
1.15127439219
1.14875636642
1.14657947979
1.14464151493
1.14268098767
1.140661947
1.13875817488
1.13677307356
1.13451146146
1.13230720542
1.13045384945
1.12868704927
1.12682576945
1.1250387414
1.12327828765
1.1213321514
1.11917915092
1.1173571366
1.11572515978
1.11406054371
1.11235668829
1.11075895417
1.10907547514
1.10713171071
1.10529123845
1.10374985558
1.10226419532
1.1006883987
1.09919457513
1.09771692207
1.09605938747
1.09423983008
1.09273399678
1.09138026542
1.08997962383
1.08856311522
1.08723342763
1.08581400238
1.08416162512
1.08264700295
1.08138288001
1.08014939117
1.07883753945
1.07760971451
1.07637684942
1.07497303989
1.0734620687
1.07223586687
1.07112575589
1.06996348343
1.06880776363
1.0677190563
1.06653711405
1.06515387754
1.06392982425
1.06290518491
1.06189364706
1.06081761945
1.05982563464
1.05881581897
1.05764045264
1.05641831913
1.05544599367
1.05455128024
1.0535998637
1.05267176612
1.05179174684
1.05082189979
1.04968547735
1.04871553868
1.04790259042
1.04708676561
1.04622511342
1.04543930734
1.04462540487
1.04365936985
1.0426941632
1.04193181769
1.04122108199
1.04045736682
1.03972971346
1.03903408437
1.0382496452
1.03733542333
1.03659193303
1.03596069349
1.03531256302
1.03463592434
1.03402424854
1.03337912327
1.03259990063
1.03185082635
1.03126674097
1.0307158468
1.0301164109
1.02955869
1.02901770578
1.02839231425
1.02767627644
1.02711442668
1.02663091321
1.02612529264
1.02560671399
1.02514038825
1.02463785338
1.02401965984
1.02345822178
1.02302118402
1.022599022
1.02213689764
1.02171753901
1.02130407597
1.02081276845
1.02026312538
1.01984650243
1.01948410395
1.01909674526
1.0187082347
1.01835829913
1.01797280985
1.01749142699
1.01707541158
1.01675366584
1.01643628753
1.0160873803
1.01577833371
1.01546710055
1.01508652733
1.01467413416
1.014372149
1.01410447632
1.01381155215
1.01352605586
1.01326717964
1.01297423819
1.01260650008
1.01230286315
1.01206795096
1.01183199167
1.01157371246
1.01134909947
1.01111844251
1.01082629201
1.01052341381
1.01030658757
1.01011157408
1.00989325494
1.00968699109
1.0094983322
1.00927856478
1.009002118
1.0087866002
1.00861786005
1.00844346104
1.00825399175
1.00809254555
1.00792327618
1.00770251847
1.00748346987
1.00732927877
1.00718803875
1.0070269219
1.00687965311
1.00674373154
1.00657956748
1.00637406519
1.00622261663
1.00610262458
1.0059749605
1.00583867618
1.00572446058
1.00560058019
1.00543436232
1.00527969861
1.00517171662
1.00507019892
1.00495270758
1.00484902401
1.00475143457
1.00462877264
1.00447878787
1.00437353585
1.00428921654
1.00419612464
1.00409933732
1.00401851552
1.00392832877
1.00380413771
1.00369598311
1.00362137692
1.00354908238
1.00346413584
1.00339235558
1.00332276481
1.00323154099
1.00312402058
1.00305235538
1.00299307779
1.00292538424
1.00285804234
1.00280137968
1.00273538523
1.00264397496
1.00256958524
1.0025179414
1.00246608598
1.00240551401
1.0023556958
1.0023063642
1.0022390942
1.00216299926
1.00211451151
1.00207341971
1.00202451897
1.00197775931
1.00193839577
1.00189079904
1.00182392914
1.00177377126
1.00173846884
1.00170136378
1.00165853866
1.00162448437
1.00158944404
1.00153955477
1.00148718045
1.00145435333
1.00142546096
1.001390326
1.0013585609
1.0013312908
1.00129667552
1.00124866549
1.00121527523
1.00119123047
1.00116473679
1.00113495257
1.00111196748
1.00108719557
1.00105045123
1.00101500142
1.0009930343
1.00097280602
1.00094780078
1.00092644213
1.00090752352
1.00088220509
1.00084848678
1.00082643045
1.00081001329
1.00079117246
1.00077095557
1.00075536524
1.0007376402
1.00071074431
1.00068725561
1.00067264156
1.00065855558
1.0006408665
1.00062663943
1.0006134636
1.00059489098
1.00057143251
1.00055716891
1.00054609805
1.00053274157
1.00051904622
1.00050849439
1.00049607752
1.00047692041
1.00046136974
1.0004516973
1.0004418921
1.00042967289
1.00042021286
1.00041115029
1.00039772224
1.00038179983
1.00037258872
1.00036502022
1.00035547758
1.00034649186
1.00033941703
1.0003304803
1.00031661827
1.00030687465
1.00030057495
1.00029366367
1.00028534539
1.00027922073
1.00027288871
1.000262886
1.00025260241
1.00024670715
1.00024148642
1.00023467772
1.00022890113
1.00022407687
1.00021740801
1.00020790511
1.0002019541
1.00019779386
1.00019284589
1.00018738702
1.00018344278
1.00017891935
1.00017152544
1.00016515137
1.00016147915
1.00015788883
1.00015318184
1.00014957768
1.00014629327
1.00014131816
1.00013494576
1.00013143413
1.00012866219
1.00012506529
1.00012161703
1.00011902628
1.00011570731
1.00011032835
1.00010660285
1.00010430511
1.00010172238
1.00009852999
1.00009628539
1.00009399121
1.00009017246
1.00008629121
1.00008419466
1.00008233168
1.00007977055
1.00007765861
1.00007592317
1.00007338631
1.00006975094
1.00006763011
1.00006615626
1.00006428293
1.00006229858
1.00006089744
1.00005922007
1.00005637241
1.00005418685
1.00005292682
1.00005158149
1.00004984818
1.0000486148
1.00004743678
1.00004545906
1.00004325368
1.00004210251
1.00004112312
1.00003976039
1.00003860648
1.00003767983
1.00003633763
1.00003436292
1.00003320709
1.00003243014
1.00003144674
1.00003038021
1.00002964384
1.00002876346
1.00002722878
1.00002606812
1.00002543232
1.00002474147
1.00002381402
1.00002316025
1.000022544
1.00002147404
1.00002030566
1.0000197304
1.00001923561
1.00001850119
1.00001789872
1.00001744089
1.00001674848
1.00001571396
1.00001512876
1.00001473205
1.00001420876
1.00001368178
1.00001332542
1.00001286075
1.00001203341
1.00001147563
1.00001114744
1.00001077193
1.00001031039
1.00001001887
1.00000970462
1.00000910866
1.0000085805
1.00000830887
1.00000803524
1.00000765294
1.0000073918
1.00000716506
1.00000675724
1.00000627559
1.00000604851
1.00000585243
1.00000556573
1.00000534642
1.00000518258
1.00000490727
1.00000449452
1.00000429243
1.00000414455
1.00000393322
1.00000374091
1.0000036175
1.00000343127
1.00000310392
1.00000291763
1.00000280896
1.00000265458
1.00000248981
1.00000239656
1.00000227384
1.00000201918
1.00000185311
1.00000177408
1.00000166558
1.00000152657
1.00000145547
1.00000137581
1.00000119064
1.00000104732
1.00000099039
1.00000092588
1.00000082692
1.0000007741
1.00000072333
1.00000059543
1.00000047795
1.00000043766
1.00000039697
1.0000003258
1.00000028841
1.00000025802
1.00000016989
1.00000007781
1.00000005357
1.00000003947
1.00000001418
1.00000000264
1.00000000049
1.00000000009
1.00000000002
1
1
1
1
1
1
1
1
1
1
1
1
1
1
1
1
1
1
1
1
1
1
1
1
1
1
1
1
1
1
1
1
1
1
1
1
1
1
1
1
1
1
1
1
1
1
1
1
1
1
1
1
1
1
1
1
1
1
1
1
1
1
1
1
1
1
1
1
1
1
1
1
1
1
1
1
1
1
1
1
1
1
1
1
1
1
1
1
1
1
1
1
1
1
1
1
1
1
1
1
1
1
1
1
1
1
1
1
1
1
1
1
1
1
1
1
1
1
1
1
1
1
1
1
1
1
1
1
1
1
1
1
1
1
1
1
1
1
1
1
1
1
1
1
1
1
1
1
1
1
1
1
1
1
1
1
1
1
1
1
1
1
1
1
1
1
1
1
1
1
1
1
1
1
1
1
1
1
1
1
1
1
1
1
1
1
1
1
1
1
1
1
1
1
1
1
1
1
1
1
1
1
1
1
1
1
1
1
1
1
1
1
1
1
1
1
1
1
1
1
1
1
1
1
1
1
1
1
1
1
1
1
1
1
1
1
1
1
1
1
1
1
1
1
1
1
1
1
1
1
1
