-2.9925,1.6247650168328576,-0.02996157848508577,0.019796150685377874
-2.9775,1.624796402085366,-0.030006701344250056,0.019829221950844356
-2.9625,1.6257847160411634,-0.03110477755562496,0.020475241658995405
-2.9475,1.6269400488275654,-0.031908625132889314,0.020642806208914878
-2.9325,1.6284454683501965,-0.03279131103486191,0.020659378887920233
-2.9175,1.6302005779701212,-0.03365287227168083,0.020473521679821343
-2.9025,1.6321732084645821,-0.03452009384677144,0.020140786453588928
-2.8875,1.634311814676682,-0.035385798738119874,0.01968883112370802
-2.8725,1.6365744117235694,-0.03625191001642531,0.019149698771131374
-2.8575,1.638924428163379,-0.03711791239990297,0.018548618209301548
-2.8425,1.641333441152996,-0.037983943991153554,0.017905856485614904
-2.8275,1.64378040343533,-0.03884996780975106,0.017236250928720238
-2.8125,1.6462506983682477,-0.0397159936546678,0.016550149346013367
-2.7975,1.648734706289296,-0.04058201864196395,0.015854350891830835
-2.7825,1.6512264276114959,-0.04144804358577371,0.015153098661062916
-2.7675,1.653722303993563,-0.042314069370090746,0.014448907231163398
-2.7525,1.6562203254902415,-0.04318009760569222,0.01374319600042827
-2.7375,1.6587194102071074,-0.044046127194605454,0.013036731294939758
-2.7225,1.661219005443183,-0.04491214999292026,0.012329913916505855
-2.7075,1.6637188444875513,-0.04577815215740627,0.011622949410242264
-2.6925,1.6662187987716275,-0.046644131644460594,0.010915931191403605
-2.6775,1.6687187832389254,-0.047510133912460666,0.010208863728921658
-2.6625,1.671218700793499,-0.04837628277386728,0.009501664041367668
-2.6475,1.67371844241279,-0.049242748476420406,0.008794200709273562
-2.6325,1.6762179798544827,-0.050109572439746224,0.0080864429745003
-2.6175,1.6787175831042502,-0.05097628411927278,0.007378776225398172
-2.6025,1.681218158365271,-0.051841312830967004,0.006672483366768483
-2.5875,1.6837216444029317,-0.0527013001381613,0.00597030671254465
-2.5725,1.6862313508318147,-0.05355051348132517,0.005276926934696144
-2.5575,1.6887521010557311,-0.05438059843290645,0.004599165413978544
-2.5425,1.6912900729973304,-0.05518085450153569,0.003945759071318443
-2.5275,1.6938523079012173,-0.05593908588889355,0.003326665736352109
-2.5125,1.6964459549640463,-0.05664290982162544,0.0027519959018049442
-2.4975,1.6990774010983452,-0.05728126384227551,0.0022307820265513594
-2.4825,1.7017514711624024,-0.05784579105101741,0.0017698474907804095
-2.4675000000000002,1.7044708637812611,-0.05833181729212743,0.0013730087266748039
-2.4525,1.7072359222492655,-0.05873874796235002,0.001040751225764022
-2.4375,1.7100447543417965,-0.059069860490862755,0.0007703989783312865
-2.4225,1.7128936374212906,-0.05933160267506184,0.0005566873798482246
-2.4074999999999998,1.715777596495984,-0.05953259145345015,0.000392580729489131
-2.3925,1.7186910302628557,-0.05968252856744854,0.0002701575885552181
-2.3775,1.72162827861718,-0.05979121760601861,0.00018141336017845312
-2.3625,1.7245840620726587,-0.059867802907664025,0.0001188817232357958
-2.3475,1.7275537649024575,-0.05992027914577852,0.00007603505423542113
-2.3325,1.7305335685883416,-0.05995526018795282,0.000047473152902639495
-2.3175,1.7335204646059965,-0.05997795695115595,0.00002894132334923925
-2.3025,1.7365121849652967,-0.05999229770951653,0.000017232143180114924
-2.2875,1.7395070879500234,-0.06000112599893654,0.000010023875053294585
-2.2725,1.7425040292548366,-0.06000642381440528,5.698226836519262e-6
-2.2575000000000003,1.7455022391025563,-0.06000952444910714,3.16656920345322e-6
-2.2425,1.748501216771598,-0.0600112951782687,1.7207748969459805e-6
-2.2275,1.7515006468035295,-0.060012282391921246,9.147183239188155e-7
-2.2125,1.7545003364394376,-0.06001281995829365,4.7579721530453113e-7
-2.1975,1.7575001712991383,-0.060013105989669434,2.4225356440500886e-7
-2.1825,1.7605000854001474,-0.0600132547710486,1.207740461842663e-7
-2.1675,1.7635000417019806,-0.06001333045838384,5.897550659916685e-8
-2.1525,1.7665000199519452,-0.06001336813023849,2.821631201132215e-8
-2.1375,1.7695000093555433,-0.06001338648287474,1.3230735759298252e-8
-2.1225,1.7725000043000854,-0.060013395236792534,6.08123932988412e-9
-2.1075,1.775500001936229,-0.06001339932467838,2.738241957836827e-9
-2.0925000000000002,1.7785000008497964,-0.06001340118947006,1.2017942056145702e-9
-2.0775,1.7815000003517045,-0.060013402008362235,4.973856171843764e-10
-2.0625,1.7845000001060445,-0.06001340232298401,1.499695591742482e-10
-2.0475,1.7874999999345655,-0.060013402345491546,-9.253914880765655e-11
-2.0325,1.7904999997035933,-0.0600134020807833,-4.1918289010020967e-10
-2.0175,1.7934999992330523,-0.060013401322053864,-1.0846284569555458e-9
-2.0025,1.7964999981757352,-0.06001339951369627,-2.5799005898921684e-9
-1.9875,1.7994999958006948,-0.060013395409212675,-5.938715443400804e-9
-1.9725000000000001,1.8024999905737251,-0.06001338635946104,-1.3330767120076227e-8
-1.9575,1.8054999793512025,-0.06001336692288456,-2.9201810721716042e-8
-1.9425000000000001,1.8084999558783201,-0.06001332626719393,-6.239747864933873e-8
-1.9275,1.811499908098158,-0.06001324350972483,-1.299688319325794e-7
-1.9125,1.8144998135364099,-0.060013079724045945,-2.636993384777068e-7
-1.8975,1.817499631763859,-0.06001276488477865,-5.207645452400521e-7
-1.8825,1.820499292753359,-0.060012177701378254,-1.000197791492891e-6
-1.8675,1.8234986800321886,-0.060011116437183556,-1.8667163806025273e-6
-1.8525,1.8264976081810587,-0.060009259936567874,-3.3825427871782845e-6
-1.8375000000000001,1.8294957958037124,-0.06000612080691592,-5.945631418114051e-6
-1.8225,1.832492837848027,-0.06000099747735161,-0.000010128812503016782
-1.8075,1.8354881849760942,-0.05999293846662375,-0.000016708967265405616
-1.7925,1.838481141649562,-0.059980739066585465,-0.0000266697359429728
-1.7775,1.841470896707122,-0.05996299430302907,-0.00004115827583058228
-1.7625,1.8444565974597709,-0.0599382272686909,-0.00006138047934858873
-1.7475,1.847437467697533,-0.05990509350262301,-0.00008843410480396049
-1.7325000000000002,1.8504129505230522,-0.05986262833327473,-0.0001231068428697501
-1.7175,1.8533828323574835,-0.059810461482473376,-0.00016570116662364457
-1.7025000000000001,1.8563472849574894,-0.059748889248393604,-0.00021597563743092725
-1.6875,1.8593067626880528,-0.05967869472642065,-0.0002732924446685962
-1.6725,1.862261725315539,-0.059600662281598285,-0.00033701605795948166
-1.6575,1.8652122223695407,-0.05951484275014282,-0.00040711918828603585
-1.6425,1.8681574530774272,-0.05941975361791154,-0.0004848514984339695
-1.6275,1.8710954699610016,-0.059311775299599724,-0.0005732682541538429
-1.6125,1.874023187712489,-0.05918497636013679,-0.0006774550443610713
-1.5975000000000001,1.8769368018004577,-0.059031442583524545,-0.0008044041745238714
-1.5825,1.879832604287336,-0.05884205846800667,-0.0009626979358103206
-1.5675000000000001,1.8827082504965669,-0.05860739145343299,-0.0011620735571909915
-1.5525,1.885564105298685,-0.05831915658740057,-0.0014135642447124217
-1.5375,1.8884062635124161,-0.05796969104710307,-0.0017283263872341693
-1.5225,1.8912458804252037,-0.057559568188813706,-0.0021238666147604256
-1.5075,1.894119881602474,-0.057071872687319315,-0.002605003834559128
-1.4925000000000002,1.8970380603906558,-0.05658065259390445,-0.003258289648241166
-1.4775,1.8999095717811578,-0.05615388619854929,-0.003906398201984548
-1.4625000000000001,1.9026865534305495,-0.0556933360649892,-0.004461380380543248
-1.4475,1.9054247531466857,-0.05518295497830708,-0.005048780168387624
-1.4325,1.908156291642098,-0.05466764558240029,-0.005634852873308285
-1.4175,1.9108837985377152,-0.05414837209524166,-0.006227277301884569
-1.4025,1.913611682960967,-0.05363420975554817,-0.006815337333408462
-1.3875,1.916341290762911,-0.053126540242913974,-0.0073996385285886
-1.3725,1.919073730830345,-0.05262730392395196,-0.007977233197820923
-1.3575000000000002,1.921808692822657,-0.05213576160173011,-0.00854886838440695
-1.3425,1.9245451105813796,-0.05165100691777748,-0.009113782837339103
-1.3275000000000001,1.9272807573080748,-0.05117093353746119,-0.009671676039301292
-1.3125,1.9300122347659432,-0.05069282042510793,-0.010220845922821593
-1.2975,1.932734474866063,-0.05021269764527332,-0.010758851273996334
-1.2825,1.9354403301914875,-0.04972529224560508,-0.011281990653022872
-1.2675,1.9381201128350618,-0.04922369775667759,-0.011785627801043325
-1.2525000000000002,1.940761420839991,-0.04869939829216251,-0.012264148036172142
-1.2375,1.9433493302296438,-0.04814240045965919,-0.012711248996349534
-1.2225000000000001,1.9458671304894362,-0.04754170174091818,-0.013120236200783801
-1.2075,1.948297611721662,-0.04688602268298362,-0.013484575997097282
-1.1925000000000001,1.9506248291825916,-0.046164827679706755,-0.013798572271752399
-1.1775,1.952836097732627,-0.04536948913896407,-0.014058149976446648
-1.1625,1.9549238587939821,-0.044494413071262215,-0.014261564273695725
-1.1475,1.956887006892299,-0.043537872102686614,-0.014409887601816784
-1.1325,1.9587313356637814,-0.042502333711625435,-0.01450712166662603
-1.1175000000000002,1.9604689455420417,-0.04139416747876762,-0.014559877778751795
-1.1025,1.962116709718547,-0.040222773331098687,-0.014576666500083301
-1.0875000000000001,1.9636941316903902,-0.03899931978469969,-0.014566944597280687
-1.0725,1.9652210654861366,-0.03773537418975044,-0.014540121924998747
-1.0575,1.9667157592255742,-0.036441708346337476,-0.014504726047231577
-1.0425,1.9681935368869499,-0.035127481892322523,-0.014467856012261601
-1.0275,1.9696662150687756,-0.03379987938900807,-0.01443496119480885
-1.0125000000000002,1.9711421442888581,-0.032464157731541494,-0.014409890962822691
-0.9975,1.9726266315180305,-0.031123988109406833,-0.014395104757418977
-0.9824999999999999,1.9741224642921527,-0.029781964267420843,-0.014391918257659652
-0.9675000000000002,1.9756303003670195,-0.02844018084804501,-0.01440068193176142
-0.9525000000000001,1.9771487770477103,-0.027100830979349202,-0.01442082839488354
-0.9375,1.978674302718227,-0.02576680040579417,-0.014450772486480775
-0.9224999999999999,1.9802006044961544,-0.024442229611448506,-0.014487696684445477
-0.9075000000000002,1.9817182100387736,-0.023132978919995457,-0.014527300463295277
-0.8925000000000001,1.9832141195235153,-0.021846886707305405,-0.014563627595380409
-0.8775,1.9846719445183378,-0.02059369007566663,-0.014589096430929661
-0.8625000000000003,1.9860727234026814,-0.01938450850051109,-0.014594830876092296
-0.8475000000000001,1.9873964622827505,-0.018230881363417713,-0.014571320485159333
-0.8325,1.988624231980873,-0.017143477768990164,-0.014509341686193526
-0.8174999999999999,1.9897404487901569,-0.016130715525704976,-0.01440098054020619
-0.8025000000000002,1.9907348601947652,-0.015197585329107349,-0.014240546704030698
-0.7875000000000001,1.991603796286753,-0.014344945862428713,-0.014025181203494943
-0.7725,1.992350425248804,-0.01356944149413251,-0.013755034740403287
-0.7575000000000003,1.9929840037690052,-0.012864036449787218,-0.013433001854516092
-0.7425000000000002,1.993518351268522,-0.012219013623486291,-0.013064101434110997
-0.7275,1.9939699246174363,-0.011623199363859705,-0.012654663381836405
-0.7124999999999999,1.994355894830671,-0.011065166394948792,-0.01221149892777475
-0.6975000000000002,1.9946925454354036,-0.010534222256115769,-0.011741200939037747
-0.6825000000000001,1.9949941728297733,-0.010021076716864202,-0.011249657189478674
-0.6675,1.995272526571232,-0.009518164596259692,-0.01074178765202088
-0.6525000000000003,1.9955367194707931,-0.009019662092445849,-0.01022146109595123
-0.6375000000000002,1.9957934755124416,-0.008521275736705745,-0.009691525359192243
-0.6225,1.9960475611528308,-0.008019912427834144,-0.009153904628611875
-0.6074999999999999,1.9963022506175334,-0.007513359160948144,-0.008609761799489662
-0.5925000000000002,1.9965597015206253,-0.007000101210317552,-0.008059764509451067
-0.5775000000000001,1.9968211621376097,-0.0064793711367088945,-0.007504498177186702
-0.5625,1.997086993149621,-0.005951442612998438,-0.006945024427641675
-0.5474999999999999,1.9973565534704651,-0.005418080834084853,-0.006383504204082808
-0.5325000000000002,1.9976280523573087,-0.004882974018512954,-0.005823731229072653
-0.5175000000000001,1.9978984886105389,-0.004351939287745199,-0.00527139586052407
-0.5025,1.998163773078355,-0.0038327416904814626,-0.004733943530745155
-0.48750000000000027,1.9984190705222875,-0.003334475115984912,-0.004219994853939673
-0.47250000000000014,1.9986593231729153,-0.0028665882881806757,-0.0037384186737984782
-0.4575,1.9988798577318023,-0.0024377488168026845,-0.003297249617288652
-0.4424999999999999,1.9990769503007713,-0.002054786373129029,-0.0029026846465427985
-0.4275000000000002,1.9992482360544495,-0.0017219307591490006,-0.0025583678243286615
-0.4125000000000001,1.9993928943183576,-0.0014404765760153866,-0.0022650912961699235
-0.39749999999999996,1.999511597649789,-0.0012088953797082349,-0.002020931858700283
-0.3825000000000003,1.9996062663505982,-0.001023314713251384,-0.0018217409590330872
-0.36750000000000016,1.9996797033195333,-0.0008782190085903998,-0.0016618410434871337
-0.35250000000000004,1.9997351926968376,-0.0007672117538210106,-0.0015347676899815103
-0.3374999999999999,1.9997761325670818,-0.0006837056612202593,-0.001433930231921607
-0.32250000000000023,1.9998057461768521,-0.0006214592264167553,-0.0013531223030823487
-0.3075000000000001,1.9998268883306984,-0.0005749316188797934,-0.0012868705215590473
-0.2925,1.9998419419584967,-0.0005394663507417927,-0.0012306442863407683
-0.2775000000000003,1.999852787645851,-0.0005113316909845535,-0.0011809584053663893
-0.2625000000000002,1.9998608249717618,-0.0004876469304630814,-0.0011353944593149332
-0.24750000000000005,1.999867025110758,-0.0004662181164650614,-0.001092563902598267
-0.23249999999999993,1.999871995770351,-0.0004453028960651274,-0.001052047469831467
-0.21750000000000025,1.9998760404916693,-0.00042332392567194277,-0.0010143700060104264
-0.20250000000000012,1.9998791951317039,-0.0003985506814754519,-0.00098109424647902
-0.1875,1.9998812265948194,-0.00036876562346333994,-0.0009551246421093508
-0.17250000000000032,1.9998815839719546,-0.0003309208468749457,-0.0009412918563289633
-0.1575000000000002,1.99987930046565,-0.00028077965219928914,-0.0009472389533709602
-0.14250000000000007,1.9998728550654497,-0.00021253277895711607,-0.0009845587548825353
-0.12749999999999995,1.9998600147559618,-0.00011839140666072744,-0.0010700480211290812
-0.11250000000000027,1.9998376902415345,0.000011805147469571583,-0.0012268549547747344
-0.09750000000000014,1.999801850252319,0.00019087090411869543,-0.0014852059004047294
-0.08250000000000002,1.9997475505534559,0.0004342778744891192,-0.0018823114434816368
-0.0674999999999999,1.9996691413004826,0.0007596567780453263,-0.0024609894674860323
-0.05250000000000021,1.999560715287688,0.0011855425915469847,-0.003266540130197688
-0.03750000000000009,1.999416842407665,0.0017291583598342986,-0.004341520499112898
-0.022499999999999964,1.9992335942358328,0.0024031718921733694,-0.0057183549260311686
-0.007500000000000284,1.999009792329204,0.0032116097885450303,-0.007410218643502322
0.00749999999999984,1.9987483182478365,0.004145453585755373,-0.009401324192817079
0.022499999999999964,1.9984572192758803,0.0051788120189669665,-0.011638505902940702
0.03750000000000009,1.9981502630663746,0.006266851706172948,-0.014026610121813974
0.05249999999999977,1.99784657954736,0.0073467318398139254,-0.016430349496569848
0.0674999999999999,1.997569120998887,0.008342486946955196,-0.018684660917636084
0.08250000000000002,1.9973418929628566,0.009174062046690074,-0.020614048077431585
0.0974999999999997,1.9971862405194432,0.00976958877468098,-0.022059009204028944
0.11249999999999982,1.997116842989165,0.010078742805834776,-0.02290495830347
0.12749999999999995,1.9971383523306063,0.010084051812465503,-0.023106917321936666
0.14250000000000007,1.9972436652235839,0.009806801828296024,-0.022702705282925267
0.15749999999999975,1.9974145421731713,0.009305069291244718,-0.021809146591568587
0.17249999999999988,1.9976246752231748,0.008663405370370563,-0.02060002716911897
0.1875,1.9978444960429844,0.00797636845855189,-0.019270200122689075
0.20249999999999968,1.9980462727864647,0.007330562510615718,-0.017995513215897235
0.2174999999999998,1.998207677213225,0.0067910610824139855,-0.016900884297423212
0.23249999999999993,1.9983122360438141,0.006397336856814019,-0.016047284869678654
0.24750000000000005,1.9983459207312484,0.00617105249491178,-0.015442552718762034
0.26249999999999973,1.9982903223124142,0.0061341724367576,-0.015072727468261216
0.27749999999999986,1.9981139640907168,0.006332327930907769,-0.014943262164119155
0.2925,1.997763901118313,0.006856672906667563,-0.015116237965568215
0.30749999999999966,1.997159659445747,0.007858257497574645,-0.01573208146608326
0.3224999999999998,1.9961909577090349,0.009551621400550797,-0.017010989009374946
0.3374999999999999,1.9947199776112619,0.012207273845060877,-0.019236733296873837
0.35250000000000004,1.9925886425505757,0.016134300057025965,-0.022729797519940014
0.3674999999999997,1.9896315136213323,0.02165386038228225,-0.027815868874732287
0.38249999999999984,1.9856951067918749,0.029062789504712007,-0.03479102091388356
0.39749999999999996,1.9806639362341423,0.038586007107972206,-0.04388052199448001
0.4125000000000001,1.9744918045382889,0.050318996762937905,-0.055188369544536306
0.42749999999999977,1.9672338654204529,0.06416748258393237,-0.06864081554202005
0.4424999999999999,1.9590717579332735,0.07979852422848438,-0.08393660171486801
0.4575,1.9503222804263067,0.09662175896029929,-0.10052374369604579
0.4724999999999997,1.9414212143233254,0.11381779946823438,-0.1176221840242137
0.4874999999999998,1.932878717075565,0.1304213757433935,-0.1343016418863245
0.5025,1.9252104275818391,0.1454514951322604,-0.14960733369791587
0.5175000000000001,1.9188568518879932,0.15806442423467076,-0.16270902229597614
0.5324999999999998,1.9141096510554176,0.1676937416195964,-0.17303767345995655
0.5474999999999999,1.9110642822467696,0.17414028918991717,-0.18037340022690188
0.5625,1.9096126420874708,0.17758583389715346,-0.1848594686148635
0.5774999999999997,1.909477916774698,0.17852555921989227,-0.18693729679066196
0.5924999999999998,1.9102802882771357,0.17763959963581225,-0.1872206302828781
0.6074999999999999,1.911611537524126,0.17564348953743192,-0.18634537387805017
0.6225,1.9130934456854418,0.17316333156032504,-0.1848374582446453
0.6374999999999997,1.9144009495990968,0.1706705140202641,-0.18303142456353722
0.6524999999999999,1.9152440241428685,0.16848720413507437,-0.1810508471446095
0.6675,1.9153169388961562,0.16684788312206378,-0.17883812367246857
0.6824999999999997,1.9142341953086321,0.165984966519351,-0.17620667180414532
0.6974999999999998,1.9114760005884306,0.16620400998582213,-0.1728892918849545
0.7124999999999999,1.9063633022233522,0.16792404985628534,-0.16856996442389863
0.7275,1.8980763796426512,0.17167341300235855,-0.16290352268648878
0.7424999999999997,1.885724477892536,0.17804298733597226,-0.15553852215307318
0.7574999999999998,1.8684670107853376,0.18760461813969231,-0.14615813795031443
0.7725,1.8456772423185401,0.20080483388334788,-0.13454370962055195
0.7874999999999996,1.8171255217345732,0.21784826463317397,-0.12065164498051126
0.8024999999999998,1.7831434321987412,0.2385925511251922,-0.10468322947237799
0.8174999999999999,1.744719628367632,0.26248357492920055,-0.08712267241570883
0.8325,1.7034814589573894,0.2885596729635518,-0.06872297104042611
0.8474999999999997,1.6615388346483577,0.3155411940563093,-0.050431220825346006
0.8624999999999998,1.6212049756900182,0.34199845692846603,-0.03326212234549506
0.8775,1.5846502298934262,0.36656476631740076,-0.01814566133933942
0.8925000000000001,1.5535729287259927,0.38814287120797314,-0.0057858360844956925
0.9074999999999998,1.5289714869177449,0.4060520667586647,0.0034335052602722854
0.9224999999999999,1.511071960556052,0.4200808830456653,0.009473288096655003
0.9375,1.4994160342528904,0.43044023817628063,0.012593616639850308
0.9524999999999997,1.493065848973618,0.4376417364739824,0.013258404336445241
0.9674999999999998,1.490853235552327,0.4423435590035349,0.012022809761047299
0.9824999999999999,1.4916004983270261,0.4452064394782097,0.00943554588049669
0.9975,1.494263035780318,0.4467873781172793,0.005977394538822957
1.0125000000000002,1.4979769194285306,0.44747802277060167,0.002042601634902395
1.0274999999999999,1.5020230805714696,0.4474780227706016,-0.0020426016349025435
1.0424999999999995,1.5057369642196823,0.44678737811727925,-0.005977394538823147
1.0575,1.508399501672974,0.44520643947820965,-0.009435545880496853
1.0724999999999998,1.5091467644476733,0.4423435590035347,-0.01202280976104747
1.0874999999999995,1.506934151026382,0.43764173647398236,-0.01325840433644547
1.1025,1.5005839657471096,0.43044023817628063,-0.012593616639850577
1.1174999999999997,1.488928039443948,0.4200808830456653,-0.009473288096655265
1.1325000000000003,1.471028513082255,0.4060520667586646,-0.003433505260272505
1.1475,1.4464270712740073,0.388142871207973,0.005785836084495526
1.1624999999999996,1.4153497701065738,0.3665647663174007,0.018145661339339297
1.1775000000000002,1.3787950243099816,0.34199845692846603,0.033262122345494936
1.1925,1.3384611653516423,0.3155411940563093,0.05043122082534597
1.2074999999999996,1.2965185410426106,0.2885596729635519,0.06872297104042614
1.2225000000000001,1.255280371632368,0.26248357492920066,0.08712267241570887
1.2374999999999998,1.2168565678012588,0.2385925511251923,0.10468322947237796
1.2524999999999995,1.182874478265427,0.2178482646331742,0.12065164498051122
1.2675,1.1543227576814599,0.2008048338833482,0.13454370962055195
1.2824999999999998,1.1315329892146624,0.18760461813969254,0.1461581379503145
1.2974999999999994,1.1142755221074643,0.17804298733597249,0.15553852215307323
1.3125,1.101923620357349,0.17167341300235897,0.16290352268648878
1.3274999999999997,1.0936366977766478,0.16792404985628578,0.16856996442389868
1.3425000000000002,1.0885239994115692,0.16620400998582247,0.1728892918849545
1.3575,1.0857658046913679,0.16598496651935124,0.17620667180414532
1.3724999999999996,1.084683061103844,0.16684788312206397,0.17883812367246862
1.3875000000000002,1.0847559758571315,0.1684872041350746,0.18105084714460962
1.4024999999999999,1.0855990504009034,0.17067051402026448,0.18303142456353724
1.4174999999999995,1.0869065543145584,0.17316333156032562,0.1848374582446451
1.4325,1.088388462475874,0.17564348953743258,0.1863453738780496
1.4474999999999998,1.0897197117228643,0.17763959963581336,0.18722063028287664
1.4624999999999995,1.090522083225301,0.17852555921989452,0.18693729679065835
1.4775,1.0903873579125267,0.17758583389715812,0.18485946861485436
1.4924999999999997,1.0889357177532275,0.17414028918992805,0.18037340022687878
1.5074999999999994,1.085890348944574,0.16769374161962328,0.17303767345989898
1.5225,1.081143148111987,0.15806442423473613,0.1627090222958355
1.5374999999999996,1.0747895724181138,0.14545149513241745,0.14960733369757717
1.5525000000000002,1.0671212829243237,0.13042137574376617,0.13430164188551982
1.5675,1.0585787856764135,0.11381779946910688,0.11762218402232867
1.5824999999999996,1.0496777195730924,0.09662175896231356,0.10052374369169316
1.5975000000000001,1.0409282420653603,0.07979852423306785,0.08393660170496309
1.6124999999999998,1.0327661345764843,0.06416748259420765,0.06864081551981062
1.6274999999999995,1.0255081954549479,0.050318996785630926,0.05518836949547532
1.6425,1.0193360637511488,0.03858600715733673,0.04388052188773264
1.6574999999999998,1.014304893176623,0.029062789610458113,0.03479102068516154
1.6724999999999994,1.0103684863122429,0.021653860605301292,0.02781586839223524
1.6875,1.0074113573115624,0.01613430051999448,0.022729796518052826
1.7024999999999997,1.0052800221071712,0.012207274790842599,0.019236731249587784
1.7175000000000002,1.0038090417251961,0.009551623301428896,0.017010984893438923
1.7325,1.0028403394360916,0.00785826125536109,0.015732073326909804
1.7474999999999996,1.0022360967086625,0.006856680211515995,0.015116222138477568
1.7625000000000002,1.0018860317578129,0.006332341890558286,0.014943231907900782
1.7774999999999999,1.0017096698929737,0.006134198654847083,0.01507267062215204
1.7924999999999995,1.0016540648901562,0.006171100874881643,0.015442447780179168
1.8075,1.0016877379043865,0.00639742454457562,0.016047094591135735
1.8224999999999998,1.0017922764395255,0.006791217141077446,0.016900545505954677
1.8374999999999995,1.0019536462784833,0.007330835141414948,0.01799492107220447
1.8525,1.0021553652708317,0.007976835826366995,0.019269184496272577
1.8674999999999997,1.0023750916634588,0.008664191319766593,0.020598318295677834
1.8824999999999994,1.0025850735991613,0.009306365377844211,0.021806326854578537
1.8975,1.0027557139865215,0.009808897031434895,0.02269814405871662
1.9124999999999996,1.0028606648357274,0.010087370894811478,0.023099686659225332
1.9275000000000002,1.00288163282315,0.0100838933837931,0.0228937291251208
1.9425,1.002811444945121,0.009777415622705475,0.02204193102594875
1.9574999999999996,1.002654666689532,0.009185704928567028,0.020588620058463385
1.9725000000000001,1.002425875144136,0.00835943546686612,0.018647608143571952
1.9874999999999998,1.0021463012600298,0.0073708678074273235,0.016377524974023724
2.0024999999999995,1.0018398319934374,0.006300466987477451,0.013952948569670486
2.0175,1.0015293078967766,0.0052245887450474305,0.011538058036823548
2.0324999999999998,1.0012337687706936,0.004206394981188867,0.009267397482866459
2.0474999999999994,1.0009669304553943,0.0032909146458199143,0.007235640533109156
2.0625,1.0007368428796188,0.0025040541524607393,0.0054958565289183045
2.0774999999999997,1.0005464568692957,0.0018546246426925537,0.0040642143191542595
2.0925000000000002,1.000394734384977,0.001338152854459974,0.0029284385960210487
2.1075,1.0002779524264753,0.0009413034324796097,0.00205748879571512
2.1224999999999996,1.0001909333689705,0.0006460229701944806,0.0014105554833850535
2.1375,1.0001280411916067,0.0004328763737526607,0.0009442538590976693
2.1525,1.000083881585007,0.00028337654512934846,0.0006176077099911083
2.1674999999999995,1.0000537165295889,0.0001813503529595698,0.00039493588717958073
2.1825,1.000033645954142,0.0001135226416514503,0.0002470476617666931
2.1975,1.0000206245949326,0.00006954995363483219,0.00015125573986669651
2.2124999999999995,1.0000123792902968,0.000041724264725834856,0.00009068674789611728
2.2275,1.0000072791531942,0.00002452294856078158,0.00005327070937558923
2.2424999999999997,1.0000041951333287,0.000014127060480457806,0.000030672304514371876
2.2574999999999994,1.0000023707421866,7.980280743542562e-6,0.000017318397299526315
2.2725,1.0000013142563269,4.422357425236141e-6,9.59296067500576e-6
2.2874999999999996,1.0000007150015786,2.4050910790750624e-6,5.214978361085525e-6
2.3025,1.0000003818829244,1.2841485549524477e-6,2.7833637776458945e-6
2.3175,1.0000002003118909,6.733812777201892e-7,1.459015442524775e-6
2.3324999999999996,1.0000001032252142,3.469104017857901e-7,7.513975197869308e-7
2.3475,1.000000052276882,1.7564089158226046e-7,3.803121672885766e-7
2.3625,1.0000000260263961,8.74220500768685e-8,1.8923677053746297e-7
2.3774999999999995,1.0000000127417308,4.278902026266737e-8,9.25963702110948e-8
2.3925,1.0000000061358756,2.0600748602383157e-8,4.456852132888905e-8
2.4074999999999998,1.0000000029072134,9.75867749562336e-9,2.1106965208508728e-8
2.4224999999999994,1.000000001355636,4.549558982114274e-9,9.837828581177937e-9
2.4375,1.0000000006222767,2.0879805260283193e-9,4.5139483598074165e-9
2.4524999999999997,1.000000000281256,9.435532564343612e-10,2.0393956176445574e-9
2.4674999999999994,1.0000000001251987,4.1994182288241035e-10,9.074727004256868e-10
2.4825,1.0000000000548996,1.84115665079681e-10,3.977852644111732e-10
2.4974999999999996,1.0000000000237192,7.953585251271627e-11,1.7180627219744568e-10
2.5125,1.0000000000100995,3.38606767108245e-11,7.312958894152486e-11
2.5275,1.0000000000042382,1.4209404057940564e-11,3.068294763778697e-11
2.5424999999999995,1.000000000001753,5.878627238204522e-12,1.2692090555210398e-11
2.5575,1.0000000000007145,2.3980904473323294e-12,5.177033191675771e-12
2.5725,1.000000000000287,9.645615692677302e-13,2.0826209619728036e-12
2.5874999999999995,1.000000000000114,3.825495040695442e-13,8.263165595351028e-13
2.6025,1.0000000000000444,1.4970911175261323e-13,3.234042993886181e-13
2.6174999999999997,1.0000000000000167,5.775143785145897e-14,1.24885409443313e-13
2.6324999999999994,1.000000000000006,2.1915533789298814e-14,4.757111755337832e-14
2.6475,1.000000000000002,8.169859850151785e-15,1.7862181459973606e-14
2.6624999999999996,1.0000000000000002,2.9399086363201074e-15,6.598269470860529e-15
2.6775,1.,1.0220734564257821e-15,2.3961594918919803e-15
2.6925,1.,3.6480207385664083e-16,8.596027839477294e-16
2.7074999999999996,1.,1.2946446512155639e-16,3.055322241128057e-16
2.7225,1.,4.54833748057736e-17,1.0738240358248506e-16
2.7375,1.,1.5797435753988137e-17,3.729929602468647e-17
2.7524999999999995,1.,5.422601822800892e-18,1.2802924905497665e-17
2.7675,1.,1.8394945178517683e-18,4.3428248093581034e-18
2.7824999999999998,1.,6.167140098044765e-19,1.4558790450462112e-18
2.7974999999999994,1.,2.0436324577168634e-19,4.82404037963511e-19
2.8125,1.,6.694204745435257e-20,1.5800616217136228e-19
2.8274999999999997,1.,2.1677877886777678e-20,5.116339255020636e-20
2.8424999999999994,1.,6.940646836817589e-21,1.6379883913053725e-20
2.8575,1.,2.1973103907141255e-21,5.185270043929461e-21
2.8724999999999996,1.,6.879121348328312e-22,1.6232403000936631e-21
2.8875,1.,2.129930359618428e-22,5.025576421702984e-22
2.9025,1.,6.522716278752281e-23,1.538935171514039e-22
2.9174999999999995,1.,1.9758822238638374e-23,4.6614920804594325e-23
2.9325,1.,5.921081424893898e-24,1.3968110517434773e-23
2.9475,1.,1.755437318033659e-24,4.140905640110848e-24
2.9624999999999995,1.,5.149366769945986e-25,1.2146126392091307e-24
2.9775,1.,1.4943645965057816e-25,3.524641005630592e-25
2.9924999999999997,1.,4.310541406906686e-26,1.016607641226857e-25
